time,V(n001),I(R2)
0.0,-6.531715e-24,-1.718872e-25
0.0001667222407469,6.266141716495376e-06,1.648984483542253e-07
0.0003334444814938,0.0068691130241497,0.0001807661207279
0.0005001667222407,0.0419621403136921,0.0011042671247224
0.0006668889629876,0.1116872984211524,0.0029391401143815
0.0008336112037345,0.2008178648207832,0.0052846812818854
0.0010003334444814,0.3340014107881876,0.0087895091643328
0.0011670556852284,0.4671849567555922,0.0122943370467803
0.0013337779259753,0.6103004221069482,0.0160605323393697
0.0015005001667222,0.7991834535174185,0.0210311423827175
0.0016672224074691,0.9880664849278886,0.0260017524260653
0.001833944648216,1.190751335782461,0.0313355674368558
0.0020006668889629,1.434929752588063,0.0377613159663657
0.0021673891297099,1.6791081693936656,0.0441870644958755
0.0023341113704568,1.9375751376637056,0.0509888269032709
0.0025008336112037,2.226281335729728,0.0585863571733609
0.0026675558519506,2.51498753379575,0.0661838874434509
0.0028342780926975,2.8165815036193327,0.0741205708705062
0.0030010003334444,3.138149599651343,0.0825828911639374
0.0031677225741913,3.459717695683354,0.0910452114573685
0.0033344448149383,3.79088017958527,0.0997600198065896
0.0035011670556852,4.133149533369863,0.1087671190263295
0.0036678892964321,4.475418887154459,0.1177742182460694
0.003834611537179,4.822152969775457,0.1268987987017259
0.0040013337779259,5.172771389248614,0.1361255884316358
0.0041680560186728,5.523389808721771,0.1453523781615458
0.0043347782594198,5.872056643000154,0.1545278071189668
0.0045015005001667,6.219454874410625,0.1636698496664826
0.0046682227409136,6.566853105821094,0.1728118922139985
0.0048349449816605,6.905294806060905,0.1817182489318143
0.0050016672224074,7.239469864869905,0.1905123314994607
0.0051683894631543,7.570425222007408,0.1992216857182076
0.0053351117039013,7.881273543130936,0.2074019114224069
0.0055018339446482,8.192121864254464,0.2155821371266063
0.0056685561853951,8.477235009193318,0.2230851188741821
0.005835278426142,8.755545848806523,0.2304090919318679
0.0060020006668889,9.033856688419728,0.2377330649895539
0.0061687229076358,9.27570276325223,0.2440974234790397
0.0063354451483827,9.51172230043129,0.2503084495543982
0.0065021673891297,9.747741837610349,0.2565194756297566
0.0066688896298766,9.935089998398462,0.261449712918152
0.0068356118706235,10.118971921706231,0.266288736059199
0.0070023341113704,10.302570858433269,0.271120311943103
0.0071690563521173,10.427578074171846,0.2744099503559073
0.0073357785928642,10.552585289910423,0.2776995887687116
0.0075025008336112,10.673522064702368,0.280882113733268
0.0076692230743581,10.745038170070824,0.2827641362741149
0.007835945315105,10.81655427543928,0.2846461588149619
0.0080026675558519,10.882023619205269,0.2863690571208034
0.0081693897965988,10.91251266418681,0.2871714274398853
0.0083361120373457,10.911451350790474,0.2871433354582499
0.0085028342780926,10.903899827363404,0.2869447044611094
0.0086695565188396,10.896356109614588,0.286746138036803
0.0088362787595865,10.888811462045927,0.2865477081029167
0.0090030010003334,10.881281456637996,0.2863494077097485
0.0091697232410803,10.873751451230063,0.2861512889678286
0.0093364454818272,10.866226840760524,0.2859532504349901
0.0095031677225741,10.858710021931628,0.2857554011819245
0.0096698899633211,10.851196991557758,0.2855577153160595
0.009836612204068,10.843687426768913,0.285360158181545
0.0100033344448149,10.83618348107506,0.2851627082432811
0.0101700566855618,10.828681170326265,0.2849654053427675
0.0103367789263087,10.821187028937503,0.2847681985283556
0.0105035011670556,10.81370125260368,0.284571242665592
0.0106702234078026,10.806225792672272,0.2843744553772025
0.0108369456485495,10.798750559860988,0.2841776718000519
0.0110036678892964,10.79127830991931,0.2839809958097193
0.0111703901300433,10.783810860769591,0.2837844929754413
0.0113371123707902,10.776343411619877,0.2835879901411631
0.0115038346115371,10.768879151823253,0.2833915911083701
0.011670556852284,10.7614405670255,0.2831957882339508
0.011837279093031,10.759637657580798,0.2831483192852495
0.0120040013337779,10.780667710292704,0.283701755302149
0.0121707235745248,10.827862023424714,0.2849437774153697
0.0123374458152717,10.89502751799474,0.2867112820524932
0.0125041680560186,10.9861036816204,0.2891080232005368
0.0126708902967655,11.077179845246055,0.2915047643485804
0.0128376125375125,11.194084724179604,0.2945812400998412
0.0130043347782594,11.321919122312314,0.2979453481358532
0.0131710570190063,11.449753520445023,0.3013094561718652
0.0133377792597532,11.603060356334376,0.305343791374994
0.0135045015005001,11.763806845163984,0.3095738776704257
0.013671223741247,11.924553333993591,0.3138039639658576
0.0138379459819939,12.103409834680454,0.3185107404060642
0.0140046682227409,12.285582132112932,0.3233047949575813
0.0141713904634878,12.46775442954541,0.3280988495090985
0.0143381127042347,12.658247993392788,0.3331118106366677
0.0145048349449816,12.849499370518496,0.3381447074689452
0.0146715571857285,13.040750747644203,0.3431776043012226
0.0148382794264754,13.230954405514316,0.3481829333510901
0.0150050016672224,13.421145145879144,0.3531879225131746
0.0151717239079693,13.601755765312369,0.3579408712399013
0.0153384461487162,13.780841034736596,0.362653685944375
0.0155051683894631,13.941136813329464,0.3668720264578796
0.01567189063021,14.10143259192233,0.3710903669713842
0.0158386128709569,14.258846767933484,0.375232869842708
0.0160053351117039,14.389774677236582,0.3786783105896236
0.0161720573524508,14.520702586539684,0.3821237513365392
0.0163387795931977,14.644826818906996,0.3853901516069062
0.0165055018339446,14.735593714538874,0.3877787451380833
0.0166722240746915,14.826360610170749,0.3901673386692603
0.0168389463154384,14.907694196108366,0.3923076975898733
0.0170056685561853,14.95926978797232,0.3936649841520607
0.0171723907969323,15.010845379836276,0.3950222707142481
0.0173391130376792,15.052580158134113,0.3961205558957441
0.0175058352784261,15.068819716657824,0.3965478914997347
0.017672557519173,15.061314133551264,0.39635035426211
0.0178392797599199,15.05089161859882,0.3960761431626352
0.0180060020006668,15.040480700908487,0.395802081975922
0.0181727242414138,15.030071123125554,0.3955281669828009
0.0183394464821607,15.019670628415676,0.3952545579727367
0.0185061687229076,15.009282654014433,0.3949812196369878
0.0186728909636545,14.998897775056992,0.394707943210115
0.0188396132044014,14.98852485462396,0.3944349415128461
0.0190063354451483,14.978158519178812,0.3941620910960405
0.0191730576858952,14.967792183733664,0.3938892406792348
0.0193397799266422,14.957453562513177,0.3936171646304712
0.0195065021673891,14.947125924411583,0.3933453954629709
0.019673224408136,14.936798286309996,0.3930736262954706
0.0198399466488829,14.926470648208406,0.3928018571279704
0.0200066688896298,14.916143010106817,0.3925300879604701
0.0201733911303767,14.905815372005229,0.3922583187929698
0.0203401133711237,14.895487733903638,0.3919865496254695
0.0205068356118706,14.885160095802048,0.3917147804579692
0.0206735578526175,14.87483245770046,0.391443011290469
0.0208402800933644,14.864545044070464,0.3911722689055331
0.0210070023341113,14.854260655941086,0.3909016037504814
0.0211737245748582,14.843976290607507,0.3906309391881205
0.0213404468156052,14.833708974835584,0.3903607179143625
0.0215071690563521,14.82344165906366,0.3900904966406046
0.021673891297099,14.813175122158876,0.3898203062299409
0.0218406135378459,14.802918530993583,0.3895505099253817
0.0220073357785928,14.792676100096148,0.3892808736295255
0.0221740580193397,14.782436650185808,0.3890114242172921
0.0223407802600866,14.772232750703104,0.3887428569095046
0.0225075025008336,14.767324575909036,0.3886137853091534
0.0226742247415805,14.781537057753146,0.3889878926172565
0.0228409469823274,14.814875914050342,0.3898651949455586
0.0230076692230743,14.864952436302522,0.3911829668568509
0.0231743914638212,14.93513491517742,0.3930298969506142
0.0233411137045681,15.012226852489858,0.3950586734761226
0.0235078359453151,15.089318789802295,0.3970874500016312
0.023674558186062,15.186693762649488,0.3996499232034976
0.0238412804268089,15.288656710298705,0.4023331173348747
0.0240080026675558,15.39061965794792,0.4050163114662519
0.0241747249083027,15.508001261671764,0.4081052597048561
0.0243414471490496,15.627350698150591,0.4112459930159598
0.0245081693897965,15.74670013462942,0.4143867263270635
0.0246748916305435,15.871800064320224,0.417678869744425
0.0248416138712904,15.996653779496189,0.4209645365907111
0.0250083361120373,16.118591003193025,0.4241734489835401
0.0251750583527842,16.240528226889865,0.4273823613763691
0.0253417805935311,16.35377553064816,0.4303625795566221
0.025508502834278,16.462511249790946,0.4332240655392931
0.025675225075025,16.571246968933732,0.4360855515219642
0.0258419473157719,16.65705977327635,0.438343748098643
0.0260086695565188,16.742527409154977,0.4405928604694332
0.0261753917972657,16.826143173049353,0.442793238555321
0.0263421140380126,16.878807981318772,0.4441791042438838
0.0265088362787595,16.931472789588195,0.4455649699324466
0.0266755585195065,16.9802966210206,0.4468497733528812
0.0268422807602534,17.002893593344705,0.4474445059970959
0.0270090030010003,17.025490565668814,0.4480392386413107
0.0271757252417472,17.043711931975967,0.4485187702313751
0.0273424474824941,17.033681280211326,0.448254679098687
0.027509169723241,17.02189505330113,0.4479445355763718
0.0276758919639879,17.010111516859112,0.4476345403319625
0.0278426142047349,16.998345204297795,0.4473249264288893
0.0280093364454818,16.986585554235496,0.4470154610269368
0.0281760586862287,16.974841276974693,0.4467063799450219
0.0283427809269756,16.963096999713894,0.4463972988631069
0.0285095031677225,16.95136327242904,0.446088504172805
0.0286762254084694,16.939637977330676,0.4457799383842088
0.0288429476492164,16.92791268223231,0.4454713725956126
0.0290096698899633,16.916202374987776,0.4451631707977523
0.0291763921307102,16.904500981189845,0.4448551854693096
0.0293431143714571,16.892799587391913,0.4445472001408668
0.029509836612204,16.88112084669023,0.4442398824826293
0.0296765588529509,16.869451890371458,0.4439328532062038
0.0298432810936978,16.857782934052686,0.4436258239297783
0.0300100033344448,16.846113977733914,0.4433187946533529
0.0301767255751917,16.83444502141514,0.4430117653769274
0.0303434478159386,16.822776065096367,0.4427047361005019
0.0305101700566855,16.811140129479586,0.4423984820927319
0.0306768922974324,16.799510439582953,0.4420923747236088
0.0308436145381793,16.787880749686323,0.4417862673544858
0.0310103367789263,16.776269748468863,0.4414807206457379
0.0311770590196732,16.76466054540117,0.4411752278814832
0.0313437812604201,16.75305134233348,0.4408697351172284
0.031510503501167,16.74146564662613,0.4405648804098971
0.0316772257419139,16.729880344858874,0.4402600363952255
0.0318439479826608,16.718296165915504,0.439955218579778
0.0320106702234078,16.706731350977194,0.4396508525911151
0.0321773924641547,16.69516653603888,0.4393464866024522
0.0323441147049016,16.68360258254013,0.439042169333137
0.0325108369456485,16.67205059807208,0.4387382623972788
0.0326775591863954,16.660524541303705,0.4384348787762803
0.0328442814271423,16.65239099952543,0.4382207124875964
0.0330110036678892,16.659161122281883,0.4383989514880701
0.0331777259086362,16.684161208909583,0.4390568598568584
0.0333444481493831,16.722543566852977,0.4400669807102373
0.03351117039013,16.77404972922239,0.4414224133432798
0.0336778926308769,16.829653408533776,0.4428856688795397
0.0338446148716238,16.901657783325373,0.444780495688476
0.0340113371123707,16.973662158116973,0.4466753224974124
0.0341780593531177,17.049624063335887,0.4486743099515917
0.0343447815938646,17.136221889277866,0.450953230658494
0.0345115038346115,17.222819715219845,0.4532321513653963
0.0346782260753584,17.311440766372296,0.4555642631809904
0.0348449483161053,17.403946260237994,0.4579984979898617
0.0350116705568522,17.494710813853978,0.4603869870040866
0.0351783927975992,17.58376790325005,0.4627306098561425
0.0353451150383461,17.66738368863491,0.4649310323020572
0.035511837279093,17.743852473307502,0.4669433650175357
0.0356785595198399,17.820321257980098,0.4689556977330143
0.0358452817605868,17.883279166239873,0.4706125181186033
0.0360120040013337,17.93741902619319,0.4720373087821578
0.0361787262420806,17.99155888614651,0.4734620994457124
0.0363454484828276,18.02881430785968,0.4744424813484199
0.0365121707235745,18.05799096674597,0.4752102252630581
0.0366788929643214,18.087167625632265,0.4759779691776963
0.0368456152050683,18.10028452441417,0.4763233271512306
0.0370123374458152,18.09378025174659,0.4761520901484382
0.0371790596865621,18.081273351119776,0.4758229491831326
0.0373457819273091,18.06876048853845,0.4754936874837918
0.037512504168056,18.05625738685763,0.475164706713211
0.0376792264088029,18.043764153359994,0.4748359054233347
0.0378459486495498,18.03127976208077,0.4745073328122302
0.0380126708902967,18.01880550261836,0.47417896415563
0.0381793931310436,18.006333166921735,0.4738508905907173
0.0383461153717905,17.99387386189581,0.4735230477970423
0.0385128376125375,17.981428276387415,0.4731954431498383
0.0386795598532844,17.96898669712288,0.4728680543722134
0.0388462820940313,17.956559391402205,0.4725409736705905
0.0390130043347782,17.94413782202901,0.4722140167806162
0.0391797265755251,17.931726938831734,0.4718873992987376
0.039346448816272,17.919322163906756,0.471560975824246
0.039513171057019,17.906917388981782,0.4712345523497545
0.0396798932977659,17.89453798222427,0.4709088053597288
0.0398466155385128,17.882169059249946,0.4705833379372546
0.0400133377792597,17.86980013627562,0.4702578705147805
0.0401800600200066,17.857431213301297,0.4699324030923063
0.0403467822607535,17.845062290326972,0.4696069356698322
0.0405135045015005,17.832693367352647,0.469281468247358
0.0406802267422474,17.820357827094583,0.4689568426499026
0.0408469489829943,17.8080281705424,0.4686323654241607
0.0410136712237412,17.795698513990217,0.4683078881984188
0.0411803934644881,17.783390881253577,0.4679840087619559
0.041347115705235,17.77108512600183,0.4676601802857972
0.0415138379459819,17.758779370750077,0.4673363518096385
0.0416805601867289,17.746500732889007,0.4670132012682468
0.0418472824274758,17.73422229340918,0.4666900556863862
0.0420140046682227,17.72194494701343,0.466366942897048
0.0421807269089696,17.70968357989106,0.4660443094859109
0.0423474491497165,17.697422212768686,0.4657216760747739
0.0425141713904634,17.685163380354236,0.4653990942322355
0.0426808936312104,17.67292186143434,0.4650768956983953
0.0428476158719573,17.660697542553393,0.4647551605856281
0.0430143381127042,17.65010085103188,0.4644763433512739
0.0431810603534511,17.65031231841441,0.4644818322351489
0.043347782594198,17.667349336138066,0.4649302291013549
0.0435145048349449,17.69682846396171,0.4657059721344347
0.0436812270756918,17.73605775488059,0.466738424903211
0.0438479493164388,17.78756469699441,0.4680939100058609
0.0440146715571857,17.84455564064229,0.4695936824633467
0.0441813937979326,17.901546584290173,0.4710934549208326
0.0443481160386795,17.968056473605873,0.4728436725051749
0.0445148382794264,18.03753072502301,0.4746718829753316
0.0446815605201733,18.10700497644015,0.4765000934454882
0.0448482827609203,18.17990543968823,0.4784185272771725
0.0450150050016672,18.253488730893324,0.4803549422018733
0.0451817272424141,18.32495311891902,0.4822356005102428
0.045348449483161,18.39175510706962,0.4839935728726252
0.0455151717239079,18.45814773943532,0.4857407708497303
0.0456818939646548,18.5083472992886,0.4870617615799737
0.0458486162054017,18.55854685914188,0.4883827523102171
0.0460153384461487,18.606753610074776,0.4896513101836943
0.0461820606868956,18.636182939851366,0.4904258147518837
0.0463487829276425,18.66561226962796,0.4912003193200731
0.0465155051683894,18.69171520167749,0.4918872642250334
0.0466822274091363,18.701253913053225,0.4921381946474051
0.0468489496498832,18.69492935771762,0.4919717648558287
0.0470156718906302,18.682073254671582,0.4916334100116469
0.0471823941313771,18.66914670701664,0.4912932792004365
0.047349116372124,18.656222339563115,0.4909533129351706
0.0475158386128709,18.643315708653223,0.490613633257326
0.0476825608536178,18.630419485157272,0.4902742783757575
0.0478492830943647,18.617536322596752,0.4899352173652361
0.0480160053351117,18.604653494759464,0.4895961646417311
0.0481827275758586,18.591791180654763,0.4892576197934483
0.0483494498166055,18.57892886655006,0.4889190749451655
0.0485161720573524,18.566068341849483,0.4885805897436869
0.0486828942980993,18.553226514573723,0.4882427277897022
0.0488496165388462,18.54038468729797,0.4879048658357175
0.0490163387795931,18.527547734858636,0.4875671122114313
0.0491830610203401,18.51473663782629,0.4872299331517447
0.049349783261087,18.501925540793945,0.4868927540920581
0.0495165055018339,18.48912268692272,0.4865558066259457
0.0496832277425808,18.47634744184102,0.4862196348353488
0.0498499499833277,18.463572196759326,0.485883463044752
0.0500166722240746,18.450796951677635,0.4855472912541551
0.0501833944648216,18.43802170659594,0.4852111194635582
0.0503501167055685,18.425246461514245,0.4848749476729614
0.0505168389463154,18.41248584318948,0.4845391510904769
0.0506835611870623,18.399749864529923,0.4842039865689697
0.0508502834278092,18.38701388587037,0.4838688220474626
0.0510170056685561,18.37429002966184,0.4835339605872309
0.051183727909303,18.36158136677421,0.4831994789600219
0.05135045015005,18.34887270388658,0.4828649973328128
0.0515171723907969,18.33617635204489,0.4825308674497736
0.0516838946315438,18.3234915904577,0.4821970687168626
0.0518506168722907,18.310806828870504,0.4818632699839517
0.0520173391130376,18.298134080095235,0.4815298116140452
0.0521840613537845,18.28546980533698,0.4811965933412876
0.0523507835945315,18.27280553057873,0.48086337506853
0.0525175058352784,18.260155368294264,0.4805304347656975
0.0526842280760253,18.247516168387484,0.4801978036486315
0.0528509503167722,18.23488901090241,0.4798655018771386
0.0530176725575191,18.222288057121443,0.4795339292650823
0.053184394798266,18.212969801065917,0.4792887329986469
0.053351117039013,18.21535529187228,0.4793515215412101
0.0535178392797599,18.23210842994731,0.4797924104709573
0.0536845615205068,18.2632279852465,0.4806112579088404
0.0538512837612537,18.299303527281083,0.4815605365092856
0.0540180060020006,18.34847191674424,0.4828545187700391
0.0541847282427475,18.397640306207396,0.4841485010307927
0.0543514504834945,18.44928161304649,0.4855075231282065
0.0545181727242414,18.509297773581714,0.4870868110225079
0.0546848949649883,18.569313934116938,0.4886660989168092
0.0548516172057352,18.63120767950401,0.4902948688929462
0.0550183394464821,18.69397763215152,0.4919467305335281
0.055185061687229,18.75674758479903,0.4935985921741102
0.0553517839279759,18.81199173551979,0.4950524006619807
0.0555185061687229,18.866361707442223,0.4964832037786328
0.0556852284094698,18.91459959580489,0.4977526296666647
0.0558519506502167,18.95062227002964,0.4987005893865713
0.0560186728909636,18.986644944254376,0.499648549106478
0.0561853951317105,19.01459673619336,0.500384123745957
0.0563521173724574,19.03071645609999,0.5008083376839363
0.0565188396132044,19.04683617600663,0.5012325516219156
0.0566855618539513,19.054879420848724,0.5014441141452957
0.0568522840946982,19.04320762094317,0.501136965718649
0.0570190063354451,19.03003206294201,0.5007902550117868
0.057185728576192,19.01686476493172,0.5004437201297821
0.0573524508169389,19.00370295914324,0.5000974912643781
0.0575191730576858,18.99055081383561,0.499751420911539
0.0576858952984328,18.97741376629271,0.4994056249054016
0.0578526175391797,18.9642836237829,0.4990600177074606
0.0580193397799266,18.951164547229837,0.4987147905190758
0.0581860620206735,18.9380533847758,0.498369840301987
0.0583527842614204,18.92494646883124,0.4980250085544824
0.0585195065021673,18.91186316895921,0.4976806646496559
0.0586862287429143,18.898779869087196,0.4973363207448294
0.0588529509836612,18.88570374021697,0.4969921879155894
0.0590196732244081,18.872639972294333,0.4966484189259261
0.059186395465155,18.85957620437169,0.4963046499362629
0.0593531177059019,18.846535889619197,0.4959614897310161
0.0595198399466488,18.83352561508324,0.4956191092930924
0.0596865621873957,18.82051534054728,0.4952767288551686
0.0598532844281427,18.807505066011323,0.4949343484172449
0.0600200066688896,18.79449479147537,0.4945919679793212
0.0601867289096365,18.78148451693941,0.4942495875413974
0.0603534511503834,18.768474242403453,0.4939072071034737
0.0605201733911303,18.7554639678675,0.4935648266655499
0.0606868956318772,18.74245369333154,0.4932224462276262
0.0608536178726242,18.7294775700278,0.4928809863881359
0.0610203401133711,18.716519650721363,0.4925400172650949
0.061187062354118,18.70356173141493,0.4921990481420539
0.0613537845948649,18.69062357745846,0.4918585484460746
0.0615205068356118,18.677692973923943,0.4915182280726168
0.0616872290763587,18.66476237038944,0.491177907699159
0.0618539513171057,18.651853479520664,0.490838184424009
0.0620206735578526,18.63895019175808,0.4904986152342791
0.0621873957985995,18.62604690399549,0.4901590460445492
0.0623541180393464,18.61315840372135,0.4898199204794727
0.0625208402800933,18.60027218831621,0.4894808634604664
0.0626875625208402,18.58738597291108,0.48914180644146
0.0628542847615871,18.5745220690687,0.4888031657182137
0.0630210070023341,18.56166414158558,0.4884648937349299
0.063187729243081,18.54956505485198,0.4881464208158472
0.0633544514838279,18.544980607465025,0.4880258440370766
0.0635211737245748,18.55526883025151,0.4882965177844346
0.0636878959653217,18.57714737859777,0.4888722998716678
0.0638546182060686,18.60875140843264,0.4897039539554101
0.0640213404468156,18.64906323441265,0.4907648056376416
0.0641880626875625,18.69462594198184,0.4919638655909594
0.0643547849283094,18.74018864955103,0.4931629255442772
0.0645215071690563,18.79225273550597,0.4945330273719592
0.0646882294098032,18.8471683862112,0.4959781497492573
0.0648549516505501,18.90300133335656,0.4974474343859713
0.0650216738912971,18.95976665221984,0.4989412783759484
0.065188396132044,19.01653197108312,0.5004351223659257
0.0653551183727909,19.06601483753816,0.5017372318046694
0.0655218406135378,19.1141004533672,0.5030025540175286
0.0656885628542847,19.15802312485312,0.5041583667992959
0.0658552850950316,19.18793730958136,0.5049456756355747
0.0660220073357785,19.2178514943096,0.5057329844718533
0.0661887295765255,19.242073347265208,0.5063704465203877
0.0663554518172724,19.253037215221195,0.5066589010719049
0.0665221740580193,19.26400108317718,0.5069473556234221
0.0666888962987662,19.268917557965324,0.5070768176166403
0.0668556185395131,19.255732347207005,0.5067298741141839
0.06702234078026,19.242412401913395,0.5063792694624134
0.067189063021007,19.22909881978671,0.5060288330094633
0.0673557852617539,19.215790379899847,0.5056787332802909
0.0675225075025008,19.20250099969504,0.5053289798921234
0.0676892297432477,19.189219868108044,0.5049795152055796
0.0678559519839946,19.17594156366964,0.5046301176387846
0.0680226742247415,19.162683170872043,0.5042811927971708
0.0681893964654885,19.149424778074447,0.5039322679555569
0.0683561187062354,19.13617106086352,0.5035834633433147
0.0685228409469823,19.12293656936636,0.5032351531065691
0.0686895631877292,19.10970207786919,0.5028868428698235
0.0688562854284761,19.096474877215428,0.5025387331312715
0.069023007669223,19.083267701490183,0.5021911740782539
0.0691897299099699,19.07006052576494,0.5018436150252362
0.0693564521507169,19.056871056511447,0.5014965255786431
0.0695231743914638,19.04371623601573,0.5011503550773649
0.0696898966322107,19.03056141552001,0.5008041845760868
0.0698566188729576,19.017406595024287,0.5004580140748085
0.0700233411137045,19.00425177452857,0.5001118435735303
0.0701900633544514,18.991096954032844,0.4997656730722521
0.0703567855951984,18.977942133537123,0.4994195025709739
0.0705235078359453,18.96478731304141,0.4990733320696957
0.0706902300766922,18.951632492545684,0.4987271615684175
0.0708569523174391,18.93850720392517,0.4983817513558414
0.071023674558186,18.925405876816136,0.4980369580247311
0.0711903967989329,18.9123045497071,0.4976921646936207
0.0713571190396799,18.89922025002032,0.4973478183323447
0.0715238412804268,18.88614623868321,0.4970037420402473
0.0716905635211737,18.8730722273461,0.49665966574815
0.0718572857619206,18.86001481890477,0.496316087542926
0.0720240080026675,18.84696470886809,0.4959727282898416
0.0721907302434144,18.83391459883141,0.4956293690367572
0.0723574524841613,18.820882795591807,0.495286428224749
0.0725241747249083,18.80785658685556,0.4949436152871031
0.0726908969656552,18.794830378119315,0.4946008023494572
0.0728576192064021,18.78181573065466,0.4942584238385061
0.073024341447149,18.768823838791743,0.4939163443619668
0.0731910636878959,18.75596853639552,0.4935782240803824
0.0733577859286428,18.748373389400268,0.4933782805213784
0.0735245081693898,18.75358315610898,0.4935153959055343
0.0736912304101367,18.77186228468509,0.4939963682708388
0.0738579526508836,18.79774338440805,0.4946775439771383
0.0740246748916305,18.83630629777299,0.4956923164955212
0.0741913971323774,18.876086463921247,0.4967391090119483
0.0743581193731243,18.91872052684064,0.4978610409797142
0.0745248416138712,18.96873159074925,0.4991771999470208
0.0746915638546182,19.01874265465786,0.5004933589143276
0.0748582860953651,19.07082764148884,0.5018640447846693
0.075025008336112,19.12369568798512,0.5032553186035699
0.0751917305768589,19.1765637344814,0.5046465924224703
0.0753584528176058,19.222167933231106,0.5058466938721582
0.0755251750583527,19.267287560828134,0.5070340422165305
0.0756918972990997,19.305844292700478,0.5080486561855173
0.0758586195398466,19.333542485431384,0.5087774751251638
0.0760253417805935,19.361240678162293,0.5095062940648104
0.0761920640213404,19.380802432988748,0.5100210477440039
0.0763587862620873,19.390339051861705,0.5102720455432703
0.0765255085028342,19.399875670734662,0.5105230433425367
0.0766922307435811,19.400000670692123,0.5105263546372207
0.0768589529843281,19.38659891758828,0.5101736729397071
0.077025675225075,19.3731889690705,0.5098206644105349
0.0771923974658219,19.359774126592782,0.5094678821181542
0.0773591197065688,19.346380641560906,0.5091153354056336
0.0775258419473157,19.33299768879624,0.5087631305096402
0.0776925641880626,19.319623348428404,0.5084111306655292
0.0778592864288096,19.306257487088413,0.508059451959172
0.0780260086695565,19.29289669355186,0.5077079372885249
0.0781927309103034,19.279559059456265,0.5073568787104259
0.0783594531510503,19.266221425360676,0.5070058201323268
0.0785261753917972,19.25288912472919,0.5066549290204384
0.0786928976325441,19.23957268591625,0.5063045359560836
0.0788596198732911,19.22625624710332,0.5059541428917288
0.079026342114038,19.21294862919645,0.5056039703500258
0.0791930643547849,19.19965950615544,0.5052542601799692
0.0793597865955318,19.186370383114426,0.5049045500099124
0.0795265088362787,19.17309741240617,0.5045552571084522
0.0796932310770256,19.159849263023045,0.5042066054245575
0.0798599533177725,19.14660111363992,0.5038579537406629
0.0800266755585195,19.13335296425679,0.5035093020567682
0.0801933977992664,19.120104814873663,0.5031606503728736
0.0803601200400133,19.106856665490536,0.5028119986889791
0.0805268422807602,19.093628677530813,0.5024639151906531
0.0806935645215071,19.08041808733408,0.5021163219929206
0.080860286762254,19.06720749713735,0.501768728795188
0.081027009003001,19.05401559338092,0.5014215716143958
0.0811937312437479,19.040835733427603,0.5010746954556762
0.0813604534844948,19.027655873474288,0.5007278192969566
0.0815271757252417,19.014492251320284,0.5003814070753603
0.0816938979659886,19.0013362926674,0.5000352138109389
0.0818606202067355,18.988180334014515,0.4996890205465174
0.0820273424474824,18.975044880162333,0.4993433655331144
0.0821940646882294,18.96191623728137,0.4989978893077059
0.0823607869289763,18.94878759440041,0.4986524130822974
0.0825275091697232,18.935678597121367,0.498307413964364
0.0826942314104701,18.92257385554084,0.4979625181991089
0.082860953651217,18.909469113960316,0.4976176224338539
0.0830276758919639,18.896372393173223,0.4972730769341811
0.0831943981327109,18.88334213002022,0.4969301631635483
0.0833611203734578,18.87411813654088,0.4966874786490454
0.0835278426142047,18.87638701902942,0.4967470207526225
0.0836945648549516,18.89246897885684,0.4971702188658556
0.0838612870956985,18.916480694256336,0.4978021453237623
0.0840280093364454,18.950229323029426,0.4986902881635478
0.0841947315771923,18.987249358004323,0.4996645228275895
0.0843614538179393,19.032549151268743,0.5008566514037817
0.0845281760586862,19.07784894453317,0.5020487799799737
0.0846948982994331,19.125271077683333,0.503296726231054
0.08486162054018,19.176557739858172,0.504646309842929
0.0850283427809269,19.22708865832225,0.505976052883095
0.0851950650216738,19.276873849638488,0.5072862183168036
0.0853617872624208,19.32147471936144,0.5084599363313571
0.0855285095031677,19.360776056215528,0.5094941746532119
0.0856952317439146,19.400077393069616,0.5105284129750666
0.0858619539846615,19.42929410752337,0.5112972758778471
0.0860286762254084,19.452929079180592,0.511919256004556
0.0861953984661553,19.47656405083781,0.5125412361312649
0.0863621207069023,19.488459441772736,0.5128541853194885
0.0865288429476492,19.49220059791576,0.5129525864604929
0.0866955651883961,19.48131681568665,0.5126662414117746
0.086862287429143,19.467843874111814,0.5123116645996839
0.0870290096698899,19.454377672410512,0.5119571717943562
0.0871957319106368,19.440912155764327,0.5116029546824803
0.0873624541513837,19.427456539519884,0.5112489281886656
0.0875291763921307,19.414018307890395,0.510895266159062
0.0876958986328776,19.40059175345209,0.5105418115194318
0.0878626208736245,19.38716924356904,0.5101887352637681
0.0880293431143714,19.37376402849735,0.5098359520693699
0.0881960653551183,19.36035881342566,0.5094831688749718
0.0883627875958652,19.34695983238645,0.5091305548900267
0.0885295098366122,19.333578518615194,0.5087784204452117
0.0886962320773591,19.320197204843936,0.5084262860003969
0.088862954318106,19.306824962997,0.5080743896935953
0.0890296765588529,19.293470964997667,0.5077229722877934
0.0891963987995998,19.28011696699833,0.5073715548819916
0.0893631210403467,19.26678500747919,0.5070207068035945
0.0895298432810936,19.253485641023705,0.5066707007126753
0.0896965655218406,19.24018627456822,0.5063206946217561
0.0898632877625875,19.226886908112736,0.5059706885308368
0.0900300100033344,19.21358754165725,0.5056206824399176
0.0901967322440813,19.200288175201766,0.5052706763489985
0.0903634544848282,19.18698880874628,0.5049206702580793
0.0905301767255751,19.173689442290797,0.50457066416716
0.0906968989663221,19.16039007583531,0.5042206580762408
0.090863621207069,19.147122324106217,0.5038715301721659
0.0910303434478159,19.13387417472309,0.503522946777701
0.0911970656885628,19.12062602533996,0.5031743633832363
0.0913637879293097,19.107399035522917,0.50282627371198
0.0915305101700566,19.0941816163832,0.5024784073565282
0.0916972324108035,19.08096419724349,0.5021305410010763
0.0918639546515505,19.06776493944536,0.5017831935410983
0.0920306768922974,19.05457142160608,0.5014360100799446
0.0921973991330443,19.0413779037668,0.501088826618791
0.0923641213737912,19.028204251170404,0.5007421539781686
0.0925308436145381,19.01503463463156,0.5003955851218831
0.092697565855285,19.001865018092712,0.5000490162655977
0.092864288096032,18.988708636637867,0.4997028256165928
0.0930310103367789,18.975562436670664,0.499357000656436
0.0931977325775258,18.96245866618189,0.4990120827324083
0.0933644548182727,18.952492751808613,0.4987498406406385
0.0935311770590196,18.952978126539293,0.4987624818414607
0.0936978992997665,18.966402816679626,0.4991159260638803
0.0938646215405135,18.99139448227671,0.4997736453674476
0.0940313437812604,19.02041620603276,0.5005373386798175
0.0941980660220073,19.0609569387932,0.5016041881060175
0.0943647882627542,19.102056932124302,0.5026857560953473
0.0945315105035011,19.143344417096884,0.5037722591230911
0.094698232744248,19.191948270784447,0.5050513390592067
0.0948649549849949,19.240642503867875,0.5063327903889333
0.0950316772257419,19.28978853472737,0.507626096083798
0.0951983994664888,19.338934565586875,0.5089194017786628
0.0953651217072357,19.38116167511089,0.5100306417568784
0.0955318439479826,19.421130052866744,0.5110824450688638
0.0956985661887295,19.46027832251194,0.5121126646673828
0.0958652884294764,19.484773740984764,0.5127572485953588
0.0960320106702234,19.509269159457588,0.5134018325233347
0.0961987329109703,19.531730205223365,0.513992886191558
0.0963654551517172,19.53985789985143,0.5142067877249388
0.0965321773924641,19.54352235470336,0.5143032619199772
0.096698899633211,19.53200041923568,0.5140000451687692
0.0968656218739579,19.518490243838794,0.5136444999187856
0.0970323441147048,19.504983068728,0.5132890336807384
0.0971990663554518,19.49148806709193,0.5129338316974618
0.0973657885961987,19.477998056422308,0.5125789297471739
0.0975325108369456,19.464517108498192,0.5122242786743009
0.0976992330776925,19.45104613532256,0.5118697878513878
0.0978659553184394,19.437591187142917,0.5115156170233643
0.0980326775591863,19.4241429169998,0.5111616813785005
0.0981993997999333,19.410704014736552,0.5108079635222308
0.0983661220406802,19.39727308229241,0.5104545494049338
0.0985328442814271,19.38385227912681,0.5101014051144338
0.098699566522174,19.37044184212209,0.5097485369608745
0.0988662887629209,19.35703155489472,0.5093956725343952
0.0990330110036678,19.343643789397017,0.509043368541737
0.0991997332444147,19.330262384576237,0.5086912279965095
0.0993664554851617,19.31692156305479,0.5083401303019217
0.0995331777259086,19.30358074153335,0.507989032607334
0.0996998999666555,19.290239920011903,0.5076379349127463
0.0998666222074024,19.27689909849046,0.5072868372181586
0.1000333444481493,19.263558276969015,0.5069357395235708
0.1002000666888962,19.250217455447576,0.5065846418289832
0.1003667889296432,19.236876633926133,0.5062335441343955
0.1005335111703901,19.22353581240469,0.5058824464398077
0.100700233411137,19.21022624448448,0.5055321875539827
0.1008669556518839,19.19693712144347,0.505182477383926
0.1010336778926308,19.183647998402453,0.5048327672138694
0.1012004001333777,19.170375028463308,0.5044835185610088
0.1013671223741247,19.15710980672273,0.5041344912852502
0.1015338446148716,19.143844584982148,0.5037854640094916
0.1017005668556185,19.130602322245643,0.5034369724438281
0.1018672890963654,19.117367830748474,0.5030886622070826
0.1020340113371123,19.10413333925131,0.502740351970337
0.1022007335778592,19.090915614243688,0.5023925167841284
0.1023674558186061,19.077701609575467,0.5020447870075363
0.1025341780593531,19.06448760490725,0.5016970572309442
0.1027009003001,19.05129047685581,0.5013497693807536
0.1028676225408469,19.038110085086867,0.5010027731885985
0.1030343447815938,19.024929628523992,0.5006560977610532
0.1032010670223407,19.011783092026704,0.5003100830729946
0.1033677892630876,19.001203457211425,0.5000317308752719
0.1035345115038346,19.00080563383099,0.5000211815974466
0.1037012337445815,19.01402890407323,0.5003690799185248
0.1038679559853284,19.03606512901976,0.5009490547548212
0.1040346782260753,19.069082232015493,0.5018179787716185
0.1042014004668222,19.10417616981144,0.5027415523083236
0.1043681227075691,19.143996379388117,0.5037894313786028
0.1045348449483161,19.189124340665288,0.5049769094685359
0.104701567189063,19.23425230194246,0.506164387558469
0.1048682894298099,19.28186886002106,0.5074174649271781
0.1050350116705568,19.329976511289647,0.5086834874861471
0.1052017339113037,19.37796878761872,0.5099464733583873
0.1053684561520506,19.418813040156675,0.5110213221093861
0.1055351783927976,19.459657292694622,0.512096170860385
0.1057019006335445,19.49322070682695,0.5129794462771974
0.1058686228742914,19.51846389455619,0.5136437999951032
0.1060353451150383,19.54370708228544,0.5143081537130092
0.1062020673557852,19.559993382758577,0.5147367546305334
0.1063687895965321,19.5685873885326,0.5149628878866002
0.106535511837279,19.574447558198187,0.5151170311365691
0.106702234078026,19.56320977431051,0.514821449487016
0.1068689563187729,19.549680355839577,0.5144652199915318
0.1070356785595198,19.536152552857462,0.5141092166600028
0.1072024008002667,19.522632297863776,0.5137535777931242
0.1073691230410136,19.50911990510275,0.5133981087916148
0.1075358452817605,19.495624498878644,0.5130428232104859
0.1077025675225075,19.482136079191445,0.5126877773600951
0.1078692897632544,19.46865630400313,0.5123329878200624
0.1080360120040013,19.455186699722542,0.5119785290484221
0.1082027342447482,19.441721460743533,0.5116241801280879
0.1083694564854951,19.428271861392965,0.5112702074068431
0.108536178726242,19.414831837581765,0.5109165225913632
0.108702900966989,19.401396074801237,0.5105629658914123
0.1088696232077359,19.38797701920468,0.5102098606284688
0.1090363454484828,19.37456449462409,0.5098569318370545
0.1092030676892297,19.3611519700435,0.5095040030456401
0.1093697899299766,19.34777296168464,0.5091519406382294
0.1095365121707235,19.33441357039995,0.5088003853261414
0.1097032344114704,19.32105417911526,0.5084488300140533
0.1098699566522174,19.30769478783057,0.5080972747019651
0.1100366788929643,19.29433539654589,0.507745719389877
0.1102034011337112,19.2809760052612,0.5073941640777889
0.1103701233744581,19.26761661397651,0.5070426087657007
0.110536845615205,19.254257222691823,0.5066910534536126
0.1107035678559519,19.24091583827293,0.5063399493537734
0.1108702900966989,19.227609642874462,0.505989727012993
0.1110370123374458,19.214303447476,0.5056395046722127
0.1112037345781927,19.201007046595223,0.5052895761669634
0.1113704568189396,19.187724752497196,0.5049400708651961
0.1115371790596865,19.17444245839916,0.5045905655634289
0.1117039013004334,19.161173305351408,0.5042413887879186
0.1118706235411803,19.1479183270253,0.5038925663804494
0.1120373457819273,19.134663348699192,0.5035437439729803
0.1122040680226742,19.12142157269338,0.5031952610537473
0.1123707902634211,19.108190495667703,0.5028470532511465
0.112537512504168,19.09495941864203,0.5024988454485456
0.1127042347449149,19.081734505584507,0.5021509491060524
0.1128709569856618,19.068529740580907,0.5018034094414243
0.1130376792264088,19.055326840073377,0.5014560825044017
0.1132044014671557,19.042159074858755,0.5011094263750105
0.1133711237079026,19.031375778618177,0.5008255941662898
0.1135378459486495,19.03073973380605,0.5008088996568928
0.1137045681893964,19.04367835016092,0.5011494796874029
0.1138712904301433,19.064033103140638,0.5016851077443708
0.1140380126708903,19.09741674752371,0.5025636054043581
0.1142047349116372,19.130800391906785,0.5034421030643454
0.1143714571523841,19.172973789173074,0.504551969295593
0.114538179393131,19.216945353027693,0.5057091678284372
0.1147049016338779,19.260916916882312,0.5068663663612816
0.1148716238746248,19.308409686409995,0.5081161606608063
0.1150383461153717,19.35628737676643,0.50937607707263
0.1152050683561187,19.40212629934905,0.510582327968031
0.1153717905968656,19.444389315255627,0.5116944519692798
0.1155385128376125,19.4863595195617,0.5127988725000365
0.1157052350783594,19.513388475880472,0.5135102093456516
0.1158719573191063,19.540417432199245,0.5142215461912668
0.1160386795598532,19.56592311299941,0.5148927877303727
0.1162054018006002,19.576122139341525,0.5151611310448109
0.1163721240413471,19.58632116568364,0.515429474359249
0.116538846282094,19.59418250806562,0.515636323006196
0.1167055685228409,19.583182165310127,0.5153468479945397
0.1168722907635878,19.56963020689288,0.5149902857930005
0.1170390130043347,19.55609358875437,0.514633923932734
0.1172057352450816,19.54256130357318,0.5142778550781711
0.1173724574858286,19.529038641237243,0.5139219727206918
0.1175391797265755,19.51551933061857,0.5135663438946413
0.1177059019673224,19.50201866970823,0.5132109442626976
0.1178726242080693,19.488526038504755,0.5128558239184295
0.1180393464488162,19.475041913179023,0.5125009917741737
0.1182060686895631,19.46156746901572,0.5121464224199822
0.1183727909303101,19.44810088444331,0.5117920664102533
0.118539513171057,19.434642794883864,0.5114379196197635
0.1187062354118039,19.421194323712683,0.5110840097155365
0.1188729576525508,19.40775989047536,0.5107304708019831
0.1190396798932977,19.394336148817164,0.510377214442557
0.1192064021340446,19.38091240715897,0.5100239580831308
0.1193731243747915,19.36752322600808,0.5096716232921783
0.1195398466155385,19.35414826103013,0.5093196675806382
0.1197065688562854,19.340773296052177,0.5089677118690981
0.1198732910970323,19.327398331074228,0.5086157561575579
0.1200400133377792,19.31402336609628,0.5082638004460178
0.1202067355785261,19.30064840111833,0.5079118447344777
0.120373457819273,19.287273436140374,0.5075598890229376
0.12054018006002,19.27389847116243,0.5072079333113975
0.1207069023007669,19.260556488330785,0.5068568584554373
0.1208736245415138,19.247229806103377,0.5065061922333632
0.1210403467822607,19.23390312387597,0.5061555260112892
0.1212070690230076,19.220599624334994,0.5058054007185654
0.1213737912637545,19.207303672351,0.5054554515355043
0.1215405135045015,19.194007720367004,0.5051055023524433
0.1217072357452484,19.18073150326265,0.5047561170230863
0.1218739579859953,19.167459452579088,0.5044068507343233
0.1220406802267422,19.154187401895527,0.5040575844455605
0.1222074024674891,19.140936789992907,0.503708869439736
0.122374124708236,19.12768864060978,0.5033602177558414
0.1225408469489829,19.11444049122665,0.5030115660719467
0.1227075691897299,19.10121165927376,0.5026633837802101
0.1228742914304768,19.087985442252467,0.502315479979315
0.1230410136712237,19.07478270218836,0.5019679075452715
0.1232077359119706,19.06159058377537,0.5016208212897616
0.1233744581527175,19.050919100439305,0.5013398774374311
0.1235411803934644,19.05005428105188,0.5013172178878704
0.1237079026342114,19.062106634891983,0.5016343582724165
0.1238746248749583,19.085107936809308,0.5022396318403793
0.1240413471157052,19.1133983338279,0.5029841370669179
0.1242080693564521,19.151594551109167,0.503989314590047
0.124374791597199,19.191625814863748,0.5050427814790099
0.1245415138379459,19.231657078618337,0.506096248367973
0.1247082360786928,19.27816275637022,0.5073200585558805
0.1248749583194398,19.32526993340921,0.5085596943262919
0.1250416805601867,19.37230249703543,0.5097974545468622
0.1252084028009336,19.41933112537688,0.5110351158465756
0.1253751250416805,19.45955716903282,0.5120936757415442
0.1255418472824274,19.49701599229489,0.5130793790558611
0.1257085695231743,19.534474815556973,0.5140650823701782
0.1258752917639213,19.55776700852873,0.514678094665365
0.1260420140046682,19.580241059879185,0.5152695835616637
0.1262087362454151,19.602452481686328,0.5158541587071905
0.126375458486162,19.609191600632258,0.516031423827719
0.1265421807269089,19.608563229093804,0.5160148118660618
0.1267089029676558,19.59580816159615,0.5156791947205935
0.1268756252084028,19.58225,0.5153223
0.1270423474491497,19.568701283428283,0.5149657937969447
0.1272090696898966,19.555160559551595,0.5146094173908418
0.1273757919306435,19.54163134998456,0.5142533406126971
0.1275425141713904,19.5281076795569,0.5138976214471035
0.1277092364121373,19.51460414158771,0.5135422668838872
0.1278759586528843,19.50110081068784,0.5131869160707326
0.1280426808936312,19.48761737622977,0.5128320437598874
0.1282094031343781,19.47413704278529,0.5124772460273099
0.128376125375125,19.46065670934081,0.5121224482947324
0.1285428476158719,19.447198758208568,0.5117682900567904
0.1287095698566188,19.43374232606452,0.511414175218511
0.1288762920973657,19.42028607883358,0.5110600659276248
0.1290430143381127,19.406853547989964,0.5107066681283583
0.1292097365788596,19.39342101714635,0.5103532703290918
0.1293764588196065,19.37999307342344,0.5099999840598191
0.1295431810603534,19.366618588595163,0.5096479975754353
0.1297099033011003,19.353244103766887,0.5092960110910517
0.1298766255418472,19.33986961893861,0.508944024606668
0.1300433477825942,19.32649513411033,0.5085920381222844
0.1302100700233411,19.31312064928206,0.5082400516379006
0.130376792264088,19.299746164453783,0.5078880651535169
0.1305435145048349,19.286371679625507,0.5075360786691332
0.1307102367455818,19.27299719479723,0.5071840921847496
0.1308769589863287,19.259638711153663,0.5068325223978843
0.1310436812270757,19.246318857869237,0.5064819586099549
0.1312104034678226,19.23299900458481,0.5061313948220256
0.1313771257085695,19.21968785571999,0.5057811046015698
0.1315438479493164,19.206391903735994,0.5054312919973684
0.1317105701900633,19.193095951752,0.5050814793931669
0.1318772924308102,19.17981338189489,0.504731964169563
0.1320440146715571,19.16654816015431,0.5043828344596597
0.1322107369123041,19.15328293841373,0.5040337047497564
0.132377459153051,19.1400280985779,0.503684869193821
0.1325441813937979,19.126783363666263,0.5033363199440711
0.1327109036345448,19.113538628754625,0.5029877706943212
0.1328776258752917,19.10030280105502,0.5026394732493915
0.1330443481160386,19.08707691333072,0.5022914956012131
0.1332110703567856,19.07388112088623,0.5019442840960916
0.1333777925975325,19.063121513187934,0.5016611187681035
0.1335445148382794,19.062060391859426,0.5016331777506263
0.1337112370790263,19.07307558598758,0.501922995234976
0.1338779593197732,19.097304093017204,0.5025606199400471
0.1340446815605201,19.127073520838827,0.5033440469566662
0.1342114038012671,19.16389423049478,0.5043130168920645
0.134378126042014,19.200714940150725,0.5052819868274627
0.1345448482827609,19.24377170909289,0.5064150768839422
0.1347115705235078,19.289196898311385,0.507610498840213
0.1348782927642547,19.335691130998267,0.5088340093514039
0.1350450150050016,19.38291342422586,0.5100766492704134
0.1352117372457486,19.430135717453453,0.511319289189423
0.1353784594864955,19.469440895868416,0.5123536902532762
0.1355451817272424,19.508447837301823,0.5133802469787467
0.1357119039679893,19.54228416663174,0.5142707124373876
0.1358786262087362,19.566267414380988,0.5149018433476911
0.1360453484494831,19.59025066213024,0.5155329742579945
0.13621207069023,19.607581372980636,0.5159890240469025
0.136378792930977,19.61555188651851,0.5161987326479489
0.1365455151717239,19.61645989075978,0.5162226243318472
0.1367122374124708,19.603605588091465,0.5158843481245765
0.1368789596532177,19.590040874548773,0.5155273870880877
0.1370456818939646,19.576485643028324,0.5151706016278802
0.1372124041347115,19.56294500357396,0.5148140484367281
0.1373791263754585,19.54939815552374,0.5144579497320726
0.1375458486162054,19.535869860713607,0.5141019714861725
0.1377125708569523,19.52235458464574,0.5137462493005014
0.1378792930976992,19.50885230507336,0.5133907798520918
0.1380460153384461,19.495357520044163,0.5130355504522776
0.138212737579193,19.48187026772325,0.5126806583708228
0.1383794598199399,19.468386276716284,0.512325915194015
0.1385461820606869,19.45492461368388,0.5119716579738196
0.1387129043014338,19.441464887436823,0.5116174429067375
0.1388796265421807,19.428010664553533,0.5112633774623935
0.1390463487829276,19.414574719238427,0.5109098089395525
0.1392130710236745,19.40113877392332,0.5105562404167115
0.1393797932644214,19.387719021497283,0.5102030922199272
0.1395465155051684,19.37433656956886,0.5098509122488257
0.1397132377459153,19.360954117640443,0.5094987322777242
0.1398799599866622,19.34757166571202,0.5091465523066228
0.1400466822274091,19.3341892137836,0.5087943723355213
0.140213404468156,19.320806761855177,0.5084421923644198
0.1403801267089029,19.30742430992676,0.5080900123933183
0.1405468489496499,19.294041857998337,0.5077378324222168
0.1407135711903968,19.28065940606992,0.5073856524511153
0.1408802934311437,19.267303999566696,0.507034219168927
0.1410470156718906,19.2539739028678,0.5066834846574232
0.1412137379126375,19.240643806168897,0.5063327501459193
0.1413804601533844,19.227331774688945,0.5059824371561908
0.1415471823941313,19.21403240823346,0.5056324196837001
0.1417139046348783,19.200733041777973,0.5052824022112092
0.1418806268756252,19.18744942994964,0.5049328348709227
0.1420473491163721,19.174173964794583,0.5045835002927299
0.142214071357119,19.160898499639533,0.5042341657145373
0.1423807935978659,19.14764049301293,0.5038852551291783
0.1425475158386128,19.134388929158312,0.5035365010111389
0.1427142380793598,19.12113736530369,0.5031877468930995
0.1428809603201067,19.107898333205995,0.5028394215466159
0.1430476825608536,19.09467461396785,0.502491395694647
0.1432144048016005,19.081471663253215,0.5021440349844507
0.1433811270423474,19.07069527578563,0.5018602813854096
0.1435478492830943,19.069802969825812,0.5018369294224961
0.1437145715238412,19.082828151138624,0.5021796099226165
0.1438812937645882,19.102539572494127,0.5026983728546698
0.1440480160053351,19.135132967644445,0.5035561474897664
0.144214738246082,19.167759403129057,0.5044147916391296
0.1443814604868289,19.210359334961467,0.505535788171332
0.1445481827275758,19.25358654403116,0.5066732852036763
0.1447149049683227,19.29686170292827,0.5078120457478136
0.1448816272090697,19.3440463820567,0.5090538249092064
0.1450483494498166,19.391231061185124,0.5102956040705988
0.1452150716905635,19.435854643080457,0.5114699185559333
0.1453817939313104,19.47776589226479,0.5125727845053257
0.1455485161720573,19.51698734525586,0.5136048775067332
0.1457152384128042,19.544040202875067,0.5143167948125018
0.1458819606535511,19.57109306049427,0.5150287121182703
0.1460486828942981,19.593954564885905,0.5156303360961471
0.146215405135045,19.60439601870384,0.5159051327617022
0.1463821273757919,19.61483747252178,0.5161799294272574
0.1465488496165388,19.62060353437628,0.5163317868430481
0.1467155718572857,19.608408109581735,0.5160107108491252
0.1468822940980326,19.594842520737693,0.515653665819262
0.1470490163387796,19.581277846560525,0.5152968157841102
0.1472157385795265,19.56772969247931,0.5149402968455812
0.1473824608202734,19.554188871529,0.5145839453928187
0.1475491830610203,19.540654799155348,0.5142278755742075
0.1477159053017672,19.52713747535836,0.5138720673958207
0.1478826275425141,19.51362944414215,0.5135164450690493
0.1480493497832611,19.500126985291317,0.5131611805018458
0.148216072024008,19.48662747466125,0.5128060323183904
0.1483827942647549,19.47314566834569,0.5124512334828012
0.1485495165055018,19.45967412788718,0.5120967019140202
0.1487162387462487,19.446208650033576,0.5117423281823352
0.1488829609869956,19.43276016028288,0.5113883999565046
0.1490496832277425,19.419319130129708,0.5110346673554818
0.1492164054684895,19.40587809997653,0.5106809347544589
0.1493831277092364,19.392472803742244,0.5103281687882827
0.1495498499499833,19.379080919615134,0.5099757656317444
0.1497165721907302,19.365689035488032,0.5096233624752062
0.1498832944314771,19.35229715136093,0.509270959318668
0.150050016672224,19.338905267233823,0.5089185561621298
0.150216738912971,19.32551338310672,0.5085661530055915
0.1503834611537179,19.31212149897961,0.5082137498490533
0.1505501833944648,19.29872961485251,0.507861346692515
0.1507169056352117,19.285367299006406,0.5075097048845248
0.1508836278759586,19.27202695889304,0.507158628925872
0.1510503501167055,19.258686618779663,0.5068075529672191
0.1512170723574524,19.245361693575266,0.5064569174345368
0.1513837945981994,19.232045254762323,0.5061065243701819
0.1515505168389463,19.218728815949387,0.5057561313058272
0.1517172390796932,19.205434387035364,0.5054062518057804
0.1518839613204401,19.19214867846584,0.5050565757804386
0.152050683561187,19.17886296989632,0.5047068997550969
0.1522174058019339,19.16559339507957,0.5043577077423382
0.1523841280426809,19.152328173338987,0.5040086463218647
0.1525508502834278,19.139062951598408,0.5036595849013913
0.1527175725241747,19.125812300400025,0.503310903080987
0.1528842947649216,19.11257222831792,0.5029624796938008
0.1530510170056685,19.09934914167116,0.5026144805028291
0.1532177392464154,19.086150656326552,0.5022670699033303
0.1533844614871623,19.07559364136047,0.5019892855024768
0.1535511837279093,19.07493884076987,0.5019720349641484
0.1537179059686562,19.087116334040275,0.5022925273852359
0.1538846282094031,19.110112215342365,0.5028977337514342
0.15405135045015,19.13835885927393,0.503641069477754
0.1542180726908969,19.176282960306324,0.5046390771240886
0.1543847949316438,19.216163987315326,0.5056885832261225
0.1545515171723908,19.25604501432433,0.5067380893281566
0.1547182394131377,19.302156267465456,0.5079514824061039
0.1548849616538846,19.34893610421171,0.509182462669952
0.1550516838946315,19.39539700778971,0.5104051823386972
0.1552184061353784,19.441819624245905,0.5116269103438515
0.1553851283761253,19.48114966746616,0.5126619333543726
0.1555518506168723,19.5178200933043,0.5136269445606395
0.1557185728576192,19.55449051914244,0.5145919557669063
0.1558852950983661,19.57724251728573,0.5151906858421507
0.156052017339113,19.599020016452123,0.5157637707371158
0.1562187395798599,19.62070610825446,0.5163344503311575
0.1563854618206068,19.62687278407485,0.516496750731946
0.1565521840613537,19.624463743815213,0.5164333307557414
0.1567189063021007,19.611424457095413,0.5160902769171305
0.1568856285428476,19.597855133195782,0.515733144262265
0.1570523507835945,19.584295116128622,0.5153762917458915
0.1572190730243414,19.57075004050508,0.5150195963088747
0.1573857952650883,19.55720109601276,0.5146632298776875
0.1575525175058352,19.543673601811903,0.5143070924523295
0.1577192397465822,19.530149976479827,0.513951308218574
0.1578859619873291,19.51664179238665,0.5135958211484851
0.158052684228076,19.50314188803328,0.513240528464881
0.1582194064688229,19.48965077037341,0.5128854849034836
0.1583861287095698,19.47616336736473,0.512530540973323
0.1585528509503167,19.46269669180621,0.5121761529773242
0.1587195731910636,19.449230016247693,0.5118217649813256
0.1588862954318106,19.43576867705205,0.5114675142060865
0.1590530176725575,19.42232590279396,0.5111137408149562
0.1592197399133044,19.40888312853588,0.5107599674238258
0.1593864621540513,19.395456446310188,0.5104066298585729
0.1595531843947982,19.38206830359595,0.510054336071755
0.1597199066355451,19.368680160881716,0.5097020422849372
0.1598866288762921,19.355292018167475,0.5093497484981194
0.160053351117039,19.34190387545324,0.5089974547113015
0.1602200733577859,19.328515732739,0.5086451609244838
0.1603867955985328,19.31512759002476,0.5082928671376659
0.1605535178392797,19.30173944731052,0.5079405733508481
0.1607202400800266,19.288351304596286,0.5075882795640302
0.1608869623207735,19.27499093780908,0.5072366917486911
0.1610536845615205,19.261657426638685,0.5068857865136127
0.1612204068022674,19.24832391546829,0.5065348812785344
0.1613871290430143,19.235006239577192,0.5061844115136365
0.1615538512837612,19.221700044178725,0.505834257462286
0.1617205735245081,19.208393848780258,0.5054841034109355
0.161887295765255,19.195105435976853,0.5051343939244616
0.162054018006002,19.181826556350316,0.5047849227674092
0.1622207402467489,19.16854767672377,0.5044354516103569
0.1623874624874958,19.15528359453035,0.5040863997139096
0.1625541847282427,19.142025201732757,0.5037375090170106
0.1627209069689896,19.12876680893515,0.5033886183201117
0.1628876292097365,19.115526237397123,0.5030401175472581
0.1630543514504835,19.1022935199714,0.5026919224091226
0.1632210736912304,19.08909042459511,0.5023445396243971
0.1633877959319773,19.07849475767213,0.5020656176201682
0.1635545181727242,19.077595193997823,0.5020419452842048
0.1637212404134711,19.09001491653968,0.502368793778261
0.163887962654218,19.113039783502597,0.502974640627752
0.1640546848949649,19.14409638603205,0.5037918943692645
0.1642214071357119,19.17962101723964,0.5047267530852536
0.1643881293764588,19.216073689952424,0.5056860323317253
0.1645548516172057,19.260691406906677,0.5068601669598507
0.1647215738579526,19.30530912386092,0.5080343015879759
0.1648882960986995,19.35165028967612,0.5092538595054668
0.1650550183394464,19.398497736917204,0.5104867609971299
0.1652217405801934,19.444815814235312,0.5117057284795846
0.1653884628209403,19.483852807562048,0.5127330441756816
0.1655551850616872,19.522889800888787,0.5137603598717787
0.1657219073024341,19.55479556531295,0.5145999691554166
0.165888629543181,19.57884710249201,0.5152328414461802
0.1660553517839279,19.60289863967107,0.5158657137369439
0.1662220740246748,19.61818147270728,0.5162679365698362
0.1663887962654218,19.626207327548958,0.5164792739470119
0.1665555185061687,19.626138753049368,0.5164773400028515
