time,V(n001),V(n005)
0.0,-2.299191,-2.299191
0.0001667222407469,-2.296075612356721,-1.672214815726062
0.0003334444814938,-2.2676837747621077,-0.4181697627271136
0.0005001667222407,-2.205576276319381,0.8250807792837862
0.0006668889629876,-2.106343372986152,2.0475805035918584
0.0008336112037345,-1.998626161347255,3.2650722842027324
0.0010003334444814,-1.8473430138057796,4.444247968806147
0.0011670556852284,-1.6879059747927752,5.616252332927522
0.0013337779259753,-1.5284689357797707,6.788256697048897
0.0015005001667222,-1.3168822658387422,7.89177698023399
0.0016672224074691,-1.1003658825109663,8.988823451724487
0.001833944648216,-0.8838494991831906,10.085869923214982
0.0020006668889629,-0.6145925968676815,11.079984632302695
0.0021673891297099,-0.3445283580680816,12.07252369198926
0.0023341113704568,-0.0720648209697786,13.057877673416172
0.0025008336112037,0.240682332828154,13.922595992855983
0.0026675558519506,0.5534294866260867,14.787314312295798
0.0028342780926975,0.8701373168181441,15.633146310773585
0.0030010003334444,1.2139483044806982,16.349738028012666
0.0031677225741913,1.5577592921432526,17.066329745251746
0.0033344448149383,1.9053404049946585,17.75013038732998
0.0035011670556852,2.2681167331040277,18.30176898686316
0.0036678892964321,2.630893061213397,18.853407586396333
0.003834611537179,2.9954705877602263,19.35699701360441
0.0040013337779259,3.3649160615848333,19.730727990596737
0.0041680560186728,3.7343615354094415,20.104458967589068
0.0043347782594198,4.102079484352919,20.41585521472649
0.0045015005001667,4.466464369981463,20.606983670878545
0.0046682227409136,4.830849255610006,20.7981121270306
0.0048349449816605,5.188732988510926,20.91427188066277
0.0050016672224074,5.537363517649399,20.923727375944672
0.0051683894631543,5.885994046787872,20.933182871226578
0.0053351117039013,6.215380857869578,20.809338564027968
0.0055018339446482,6.537748503098934,20.6368730174755
0.0056685561853951,6.855396532503878,20.4409940194372
0.005835278426142,7.141847130703278,20.090348284192117
0.0060020006668889,7.428297728902677,19.739702548947037
0.0061687229076358,7.705522184004908,19.353741688405144
0.0063354451483827,7.946454804211644,18.82886571641448
0.0065021673891297,8.18738742441838,18.303989744423816
0.0066688896298766,8.413375408008255,17.733298521498938
0.0068356118706235,8.599761846154303,17.041202222732682
0.0070023341113704,8.786148284300353,16.349105923966427
0.0071690563521173,8.9514483954243,15.604885034009468
0.0073357785928642,9.076762913597024,14.761821292762386
0.0075025008336112,9.202077431769748,13.918757551515304
0.0076692230743581,9.302780654955152,13.025105783059049
0.007835945315105,9.369012865692063,12.060599534309462
0.0080026675558519,9.43524507642898,11.096093285559885
0.0081693897965988,9.478892278411577,10.091638655517697
0.0083361120373457,9.498829364734812,9.045245554202149
0.0085028342780926,9.49564854322126,7.96181876797594
0.0086695565188396,9.46957012966328,6.825288056867945
0.0088362787595865,9.4434570433599,5.660119030723628
0.0090030010003334,9.417344003669806,4.473711232979848
0.0091697232410803,9.391230139935546,3.2700699437898337
0.0093364454818272,9.36511745243284,2.046589336094941
0.0095031677225741,9.339005103657255,0.805623694466929
0.0096698899633211,9.312892312955269,-0.442803667693692
0.009836612204068,9.286779647136434,-1.6972502750214815
0.0100033344448149,9.260667632470144,-2.2972988691859104
0.0101700566855618,9.234554986513835,-1.6470735571733472
0.0103367789263087,9.208443741781936,-0.3925885536802687
0.0105035011670556,9.182331355714709,0.8539987903309254
0.0106702234078026,9.156219886627532,2.0875666681373986
0.0108369456485495,9.13010883692236,3.313858521288487
0.0110036678892964,9.103997419425117,4.518528005865533
0.0111703901300433,9.077886141328216,5.708209876872116
0.0113371123707902,9.051775718158371,6.87122466355696
0.0115038346115371,9.026972570075364,8.006176708364707
0.011670556852284,9.019305024017669,9.107746494762823
0.011837279093031,9.03977322585502,10.166151298681264
0.0120040013337779,9.08782384962042,11.173846294297434
0.0121707235745248,9.149507168677994,12.155281355170944
0.0123374458152717,9.239423928752876,13.068487712976689
0.0125041680560186,9.341834855061643,13.951500770662577
0.0126708902967655,9.444245781370416,14.834513828348475
0.0128376125375125,9.57802241355885,15.61532129644196
0.0130043347782594,9.721460263508837,16.364647551860436
0.0131710570190063,9.864898113458818,17.113973807278906
0.0133377792597532,10.036709309598242,17.72812841635524
0.0135045015005001,10.21409451800104,18.315728229626327
0.013671223741247,10.39147972640384,18.903328042897414
0.0138379459819939,10.587912986799113,19.33172021119794
0.0140046682227409,10.78629719486847,19.74380594644302
0.0141713904634878,10.984681402937827,20.155891681688104
0.0143381127042347,11.19172459835216,20.404903162594778
0.0145048349449816,11.398959116524887,20.65031147203126
0.0146715571857285,11.606140224579946,20.88798527198211
0.0148382794264754,11.812299474363536,20.9776801338714
0.0150050016672224,12.015952128656464,21.02821717877626
0.0151717239079693,12.212094502574097,20.96142927614413
0.0153384461487162,12.402413335351932,20.84613684676697
0.0155051683894631,12.579918062041449,20.624115171978
0.01567189063021,12.757422788730958,20.402093497189032
0.0158386128709569,12.922307072819116,20.10651760982268
0.0160053351117039,13.070822924769764,19.715543551803343
0.0161720573524508,13.219338776720416,19.324569493784
0.0163387795931977,13.347649155457942,18.844385157671542
0.0165055018339446,13.45628398039959,18.27733021935877
0.0166722240746915,13.564918805341236,17.710275281046005
0.0168389463154384,13.645946671907929,17.048671936970607
0.0170056685561853,13.706813040697526,16.318019426133656
0.0171723907969323,13.767679409487124,15.587366915296707
0.0173391130376792,13.80203123637344,14.779168070134844
0.0175058352784261,13.822057111665204,13.929070517617332
0.017672557519173,13.842082986956967,13.078972965099824
0.0178392797599199,13.83617683414744,12.159952641210312
0.0180060020006668,13.81004,11.159939063721293
0.0181727242414138,13.78389279582184,10.121158282714628
0.0183394464821607,13.757758572846482,9.042632771727126
0.0185061687229076,13.731617112782892,7.93612554422805
0.0186728909636545,13.705475652719302,6.797854323884714
0.0188396132044014,13.679334192655713,5.632203157965535
0.0190063354451483,13.653192461532331,4.433876867065737
0.0191730576858952,13.627050316660048,3.223053179993153
0.0193397799266422,13.600908785385512,1.9974809205431177
0.0195065021673891,13.57476762449864,0.7630059404541423
0.019673224408136,13.548626443328525,-0.4715096650392071
0.0198399466488829,13.522478394755996,-1.7145541287007289
0.0200066688896298,13.496338277751248,-2.295589297952614
0.0201733911303767,13.470201975833293,-1.6219354842150595
0.0203401133711237,13.444062147469346,-0.3669555330257918
0.0205068356118706,13.4179162362043,0.8790754344307061
0.0206735578526175,13.391780324939251,2.115815633211497
0.0208402800933644,13.36564130321394,3.3344736126297474
0.0210070023341113,13.339501348507971,4.534104030872697
0.0211737245748582,13.3133608945522,5.715519512986374
0.0213404468156052,13.287221601382472,6.873782464961211
0.0215071690563521,13.261083364636187,8.005261867917714
0.021673891297099,13.23494302350528,9.101311052445215
0.0218406135378459,13.20880307750037,10.196460032533585
0.0220073357785928,13.1826710092963,11.241311664953322
0.0221740580193397,13.158685122910835,12.237231934190232
0.0223407802600866,13.151652341007802,13.186204128282862
0.0225075025008336,13.168650891788772,14.07752934867118
0.0226742247415805,13.206749095353564,14.909074624956746
0.0228409469823274,13.259064971332403,15.698017904618863
0.0230076692230743,13.326192903033524,16.4304264254182
0.0231743914638212,13.410475717304948,17.0973580692995
0.0233411137045681,13.494758531576371,17.764289713180794
0.0235078359453151,13.594598499846942,18.347261649630887
0.023674558186062,13.707979440160376,18.857154920721243
0.0238412804268089,13.821360380473816,19.36704819181161
0.0240080026675558,13.946706018074272,19.774425337954423
0.0241747249083027,14.07983284701725,20.115131546690662
0.0243414471490496,14.212959675960231,20.455837755426916
0.0245081693897965,14.351268685173354,20.67968449352563
0.0246748916305435,14.492047621161912,20.847833760589943
0.0248416138712904,14.631601391373067,20.94106709605385
0.0250083361120373,14.769589724834905,20.93857775088125
0.0251750583527842,14.90757805829674,20.936088405708663
0.0253417805935311,15.035314450017315,20.802678105930795
0.025508502834278,15.159947770322011,20.629640476791455
0.025675225075025,15.280734774882044,20.427553817884323
0.0258419473157719,15.38178947311479,20.076440300045043
0.0260086695565188,15.482844171347534,19.72532678220576
0.0261753917972657,15.57605807466176,19.33336445172189
0.0263421140380126,15.643664610173598,18.807993381365108
0.0265088362787595,15.711271145685435,18.28262231100832
0.0266755585195065,15.768181634266544,17.71272595736108
0.0268422807602534,15.80080008041526,17.041707191105672
0.0270090030010003,15.833418526563976,16.37068842485025
0.0271757252417472,15.855079593169092,15.661037967857888
0.0273424474824941,15.856005863694122,14.878986835374878
0.027509169723241,15.8337420323311,14.015399049342388
0.0276758919639879,15.807591666028932,13.099882820441357
0.0278426142047349,15.781435917749214,12.137979877809087
0.0280093364454818,15.7552763728292,11.134523005274811
0.0281760586862287,15.729125703065646,10.08560426107594
0.0283427809269756,15.702971277359424,8.994350457725282
0.0285095031677225,15.67681566363717,7.876978961715416
0.0286762254084694,15.650660458781852,6.726080876068576
0.0288429476492164,15.624505508471431,5.554310419556885
0.0290096698899633,15.598350558161012,4.382539963045195
0.0291763921307102,15.57219568948591,3.1746831524273635
0.0293431143714571,15.546040837868706,1.9592860115137445
0.029509836612204,15.5198859862515,0.7438888706001001
0.0296765588529509,15.493730743704823,-0.4951491388450763
0.0298432810936978,15.467576017717226,-1.7448493277352457
0.0300100033344448,15.441424532699326,-2.2951748490393578
0.0301767255751917,15.415271265939328,-1.5967935755883715
0.0303434478159386,15.389113598661044,-0.3421948567632284
0.0305101700566855,15.362965618747856,0.9046230553136748
0.0306768922974324,15.33681345803086,2.143880581425911
0.0308436145381793,15.310658411578736,3.367020568281684
0.0310103367789263,15.284504334081037,4.566820187349184
0.0311770590196732,15.25835423294566,5.746067706755178
0.0313437812604201,15.23219714362912,6.904763271401803
0.031510503501167,15.206050175421655,8.041033526144881
0.0316772257419139,15.179895640943611,9.137032483644996
0.0318439479826608,15.153742292767625,10.202004704190248
0.0320106702234078,15.127589879533332,11.252443825728472
0.0321773924641547,15.101441421593652,12.256948684432103
0.0323441147049016,15.07528952357797,13.212010556928515
0.0325108369456485,15.051393597175236,14.121091647012236
0.0326775591863954,15.042744138437785,14.978363720248163
0.0328442814271423,15.054857678785227,15.774610657024166
0.0330110036678892,15.08712575756895,16.499934944280295
0.0331777259086362,15.126801849209544,17.197252948351853
0.0333444481493831,15.192052399392937,17.778225272459867
0.03351117039013,15.25730294957633,18.359197596567903
0.0336778926308769,15.32549429901744,18.920760561707937
0.0338446148716238,15.414690537763692,19.34369065840684
0.0340113371123707,15.50388677650994,19.76662075510574
0.0341780593531177,15.596138954977748,20.157156962906274
0.0343447815938646,15.70107932176668,20.413194522092677
0.0345115038346115,15.80601968855561,20.66923208127907
0.0346782260753584,15.91224906489639,20.88345328302023
0.0348449483161053,16.02204648254186,20.981924767963964
0.0350116705568522,16.1299440968987,21.01319005976717
0.0351783927975992,16.235275217419314,20.95366475157341
0.0353451150383461,16.33515143860987,20.830975591295065
0.035511837279093,16.42693658400232,20.61459753155333
0.0356785595198399,16.518721729394766,20.398219471811583
0.0358452817605868,16.59742291266049,20.08713521291749
0.0360120040013337,16.665719171413407,19.700736546695413
0.0361787262420806,16.734015430166327,19.31433788047334
0.0363454484828276,16.782185973803184,18.820992524289043
0.0365121707235745,16.818451075503752,18.264382454265697
0.0366788929643214,16.854716177204317,17.707772384242354
0.0368456152050683,16.870657235490718,17.06246268836145
0.0370123374458152,16.877871633671585,16.37906748604005
0.0371790596865621,16.88118702202125,15.680502971403042
0.0373457819273091,16.857981551600293,14.867543241001409
0.037512504168056,16.831825173232776,13.997553395242235
0.0376792264088029,16.80566024509247,13.078349715086514
0.0378459486495498,16.779500359671736,12.11975313025914
0.0380126708902967,16.75333206402808,11.118362691339255
0.0381793931310436,16.727172973495883,10.077972980839226
0.0383461153717905,16.70100732038052,8.994334014957444
0.0385128376125375,16.67484480559856,7.888276307409252
0.0386795598532844,16.648683466008702,6.745279410740426
0.0388462820940313,16.62252256306764,5.583656200880519
0.0390130043347782,16.596362125711373,4.399081513292751
0.0391797265755251,16.570201497648846,3.1862488041535766
0.039346448816272,16.544041243512204,1.964836286409164
0.039513171057019,16.517881241492926,0.7268043459544209
0.0396798932977659,16.491721981785048,-0.5194245828551503
0.0398466155385128,16.465556775609787,-1.771738462565258
0.0400133377792597,16.439397283777264,-2.2976939394324973
0.0401800600200066,16.413237776924642,-1.5716531929093638
0.0403467822607535,16.387081522588087,-0.3179495718885949
0.0405135045015005,16.36092018585844,0.9304246986265268
0.0406802267422474,16.334758673024226,2.165906088991353
0.0408469489829943,16.308597160190015,3.387946679797368
0.0410136712237412,16.28244691259463,4.594995663227476
0.0411803934644881,16.25628803214737,5.78171242087317
0.041347115705235,16.230129151700112,6.939307063396019
0.0415138379459819,16.203970271252853,8.067778546475918
0.0416805601867289,16.17781139080559,9.16712691443306
0.0418472824274758,16.151652510358332,10.237352485827296
0.0420140046682227,16.125493586744184,11.278268928645154
0.0421807269089696,16.099331473443854,12.271084348214016
0.0423474491497165,16.073179242403974,13.230338025293356
0.0425141713904634,16.047018967028595,14.139823107589944
0.0426808936312104,16.022644156883246,15.00075323224005
0.0428476158719573,16.01136457254598,15.808583281793553
0.0430143381127042,16.020294169238696,16.5492444678947
0.0431810603534511,16.04533672085228,17.226539923942685
0.043347782594198,16.08151820060445,17.8572255510918
0.0435145048349449,16.13432371320209,18.39785007766783
0.0436812270756918,16.194459385092717,18.89876328873819
0.0438479493164388,16.254595056983348,19.39967649980855
0.0440146715571857,16.32961978821556,19.782815108800328
0.0441813937979326,16.40921111865904,20.129831260851013
0.0443481160386795,16.488802449102522,20.476847412901694
0.0445148382794264,16.577690612017086,20.678283252965816
0.0446815605201733,16.66839496834057,20.851279083604997
0.0448482827609203,16.759269816643556,20.9341931820138
0.0450150050016672,16.850299880322147,20.93509714748275
0.0451817272424141,16.94132994400074,20.9360011129517
0.045348449483161,17.023723088584163,20.79507786406955
0.0455151717239079,17.10427442089197,20.623910137783973
0.0456818939646548,17.18007916987704,20.4116861043481
0.0458486162054017,17.240003144535258,20.062098855265084
0.0460153384461487,17.299927119193477,19.71251160618205
0.0461820606868956,17.350857595323493,19.31042780675892
0.0463487829276425,17.38094250362626,18.78666495247415
0.0465155051683894,17.411027411929027,18.262902098189382
0.0466822274091363,17.431019832232888,17.690040963175605
0.0468489496498832,17.434024567144526,17.034537555373
0.0470156718906302,17.437029302056164,16.379034147570394
0.0471823941313771,17.428897694772537,15.672822212465237
0.047349116372124,17.402732450009196,14.85064185011958
0.0475158386128709,17.376568319618116,13.976990851564604
0.0476825608536178,17.350403699580816,13.059120795220506
0.0478492830943647,17.324229079543525,12.100904683819907
0.0480160053351117,17.29806445950623,11.096377150640716
0.0481827275758586,17.271899859637397,10.050228522911182
0.0483494498166055,17.245735367677703,8.969637036380435
0.0485161720573524,17.21957072513557,7.850450648075668
0.0486828942980993,17.19340601194585,6.713156991288734
0.0488496165388462,17.16723975224674,5.548761065892682
0.0490163387795931,17.141072485226065,4.362658927465671
0.0491830610203401,17.114908680216367,3.1455308787885743
0.049349783261087,17.088744875206665,1.9284028301114773
0.0495165055018339,17.06258122099814,0.6898834556060252
0.0496832277425808,17.03641757690625,-0.5500709758849549
0.0498499499833277,17.010256216593973,-1.7805985511030458
0.0500166722240746,16.984090100187842,-2.295009569980004
0.0501833944648216,16.957926597582336,-1.5465192377447703
0.0503501167055685,16.931762523825892,-0.2923482159337457
0.0505168389463154,16.905603657580528,0.9560508489500618
0.0506835611870623,16.87943895757314,2.1930824771133888
0.0508502834278092,16.853274257565758,3.411184916666965
0.0510170056685561,16.827109557558373,4.613223567116492
0.051183727909303,16.800944857550988,5.7971593013290486
0.05135045015005,16.774781516710814,6.950291309753451
0.0515171723907969,16.748619903742366,8.079500503066244
0.0516838946315438,16.722458598330952,9.190918981615164
0.0518506168722907,16.696296653687224,10.257475142938995
0.0520173391130376,16.67013313057994,11.285742631045444
0.0521840613537845,16.64397191634276,12.27884048787409
0.0523507835945315,16.617814044576967,13.24521458187158
0.0525175058352784,16.591650240429704,14.157537499716485
0.0526842280760253,16.56553001175733,15.018896883849065
0.0528509503167722,16.54445520769847,15.828998288088522
0.0530176725575191,16.54003724381992,16.57869143095487
0.053184394798266,16.553615321604862,17.260123844131517
0.053351117039013,16.57972520933899,17.888524414896306
0.0535178392797599,16.625345296058388,18.41245347308336
0.0536845615205068,16.673900961553883,18.92066334997138
0.0538512837612537,16.722895803686054,19.425517881358864
0.0540180060020006,16.791075970408293,19.783794960385208
0.0541847282427475,16.859256137130537,20.142072039411552
0.0543514504834945,16.92859507625861,20.48389435420715
0.0545181727242414,17.00914629478861,20.666500404342536
0.0546848949649883,17.08969751331861,20.849106454477912
0.0548516172057352,17.17114063425297,20.92118701809981
0.0550183394464821,17.253103635369627,20.928843481286023
0.055185061687229,17.335066636486278,20.93649994447223
0.0553517839279759,17.408553151993754,20.790550261973834
0.0555185061687229,17.480853264358625,20.62310124326873
0.0556852284094698,17.547111794316613,20.40124634067908
0.0558519506502167,17.59952393169574,20.05470138569408
0.0560186728909636,17.651936069074864,19.7081564307091
0.0561853951317105,17.694601065781594,19.301596956450684
0.0563521173724574,17.721025660646546,18.795043038478028
0.0565188396132044,17.747450255511502,18.288489120505368
0.0566855618539513,17.763005005407198,17.72756036791423
0.0568522840946982,17.76507734141426,17.099187780795067
0.0570190063354451,17.757554506184,16.428045086234835
0.057185728576192,17.731869721478233,15.656847407286126
0.0573524508169389,17.705696822033733,14.833681233010482
0.0575191730576858,17.67953046029905,13.95923432659808
0.0576858952984328,17.653361660783002,13.040329667193792
0.0578526175391797,17.627191906983033,12.082195977842458
0.0580193397799266,17.601026583059806,11.078144550211096
0.0581860620206735,17.57486214505653,10.035272586501044
0.0583527842614204,17.54869383529579,8.95147117314691
0.0585195065021673,17.522525525535052,7.841903279155477
0.0586862287429143,17.49635721577431,6.7065721054094505
0.0588529509836612,17.47018890601357,5.545477758050426
0.0590196732244081,17.444020596252827,4.358619605953493
0.059186395465155,17.417852286492085,3.145997926115584
0.0593531177059019,17.391685273421658,1.9167330848926647
0.0595198399466488,17.36552238197816,0.6797580336822724
0.0596865621873957,17.339351370226208,-0.5685051060901632
0.0598532844281427,17.313191655252037,-1.8183589201211892
0.0600200066688896,17.28702834063167,-2.297231135119305
0.0601867289096365,17.260855859489475,-1.5213830923350746
0.0603534511503834,17.23469107259824,-0.267171610590659
0.0605201733911303,17.20852910161197,0.9795660157455136
0.0606868956318772,17.182366006137613,2.2207080245988644
0.0608536178726242,17.15619875693042,3.441636975462427
0.0610203401133711,17.130031201998996,4.640934139743984
0.061187062354118,17.103866846535322,5.81912122091554
0.0613537845948649,17.077706092136154,6.976199172869463
0.0615205068356118,17.05153853720473,8.1121675090723
0.0616872290763587,17.025375747331534,9.221006541306762
0.0618539513171057,16.9992061298743,10.288553630789655
0.0620206735578526,16.973046512417067,11.318454305210278
0.0621873957985995,16.94688542878222,12.310609731655642
0.0623541180393464,16.920717277502604,13.262455651829027
0.0625208402800933,16.89455283054028,14.175195742826844
0.0626875625208402,16.868396798711533,15.03565088845396
0.0628542847615871,16.844224227617083,15.84543580023804
0.0630210070023341,16.8330787418645,16.598341303391454
0.063187729243081,16.840470988566608,17.281750899473426
0.0633544514838279,16.862145752014836,17.901623313369598
0.0635211737245748,16.895884300913455,18.463203257122323
0.0636878959653217,16.939178349763807,18.962885026966863
0.0638546182060686,16.993970373771813,19.388085747206947
0.0640213404468156,17.04876239777981,19.813286467446996
0.0641880626875625,17.111838701008832,20.156630619193677
0.0643547849283094,17.18240558330293,20.42596071589257
0.0645215071690563,17.25297246559703,20.695290812591477
0.0646882294098032,17.327971076409874,20.868267561112415
0.0648549516505501,17.40596818227386,20.976051905258814
0.0650216738912971,17.482707681743268,21.00167949253584
0.065188396132044,17.558222465860016,20.947299024910432
0.0653551183727909,17.628161668052318,20.817101532226328
0.0655218406135378,17.69182863429838,20.601613880352705
0.0656885628542847,17.75549560054444,20.38612622847908
0.0658552850950316,17.805552424502885,20.063438897767583
0.0660220073357785,17.847611884322827,19.67776068503
0.0661887295765255,17.889671344142766,19.292082472292417
0.0663554518172724,17.914332713980812,18.80184813107137
0.0665221740580193,17.93157920947931,18.267053119400813
0.0666888962987662,17.94882570497781,17.7322581077303
0.0668556185395131,17.94930944449417,17.11516823555457
0.06702234078026,17.93190908593968,16.413714189479627
0.067189063021007,17.905817549952896,15.640913263938868
0.0673557852617539,17.87964945776454,14.816375715437337
0.0675225075025008,17.8534808361,13.940317589878983
0.0676892297432477,17.82731495874731,13.01311048397998
0.0678559519839946,17.801142154943815,12.02873078047806
0.0680226742247415,17.774971457232528,10.996458716184716
0.0681893964654885,17.748801862394956,9.94142253031625
0.0683561187062354,17.72263250012747,8.870444846935568
0.0685228409469823,17.696463990624302,7.741014503487746
0.0686895631877292,17.670295481121133,6.611584160039923
0.0688562854284761,17.644126971617965,5.463344192453539
0.069023007669223,17.6179584621148,4.268047669612585
0.0691897299099699,17.591789952611634,3.0727511467717314
0.0693564521507169,17.565622661604927,1.8667668259058925
0.0695231743914638,17.53945756657325,0.641520949280344
0.0696898966322107,17.513292471541572,-0.5837249273452048
0.0698566188729576,17.487126436775018,-1.7298744140551403
0.0700233411137045,17.460952068045554,-2.2741172942404497
0.0701900633544514,17.43478927784501,-1.4962502757505014
0.0703567855951984,17.40861952832922,-0.2421242432322687
0.0705235078359453,17.38245702714858,1.0037580980245966
0.0706902300766922,17.35628722374049,2.240587116806138
0.0708569523174391,17.330122396296115,3.466851320853781
0.071023674558186,17.303952850324716,4.66831525174775
0.0711903967989329,17.27779066361683,5.844977969780066
0.0713571190396799,17.25162577621071,6.99684067673359
0.0715238412804268,17.225456290201056,8.123902910749356
0.0716905635211737,17.199294103493173,9.226165129688836
0.0718572857619206,17.17313135125186,10.297508315026716
0.0720240080026675,17.14696676751085,11.324073751256057
0.0721907302434144,17.12080102206613,12.314352762418986
0.0723574524841613,17.09463743128058,13.25973417478732
0.0725241747249083,17.068468728796258,14.18927375345335
0.0726908969656552,17.042305473439118,15.052393815894945
0.0728576192064021,17.017103201905023,15.861584899802008
0.073024341447149,17.002378067939585,16.615878551558747
0.0731910636878959,17.0040403801581,17.308801814959928
0.0733577859286428,17.023821354263795,17.92433875928228
0.0735245081693898,17.057119761065323,18.466270964504552
0.0736912304101367,17.097544744379558,18.969397738496077
0.0738579526508836,17.141491029037645,19.44569492862413
0.0740246748916305,17.20082088565652,19.804781237393723
0.0741913971323774,17.260150742275385,20.163867546163285
0.0743581193731243,17.322656366917343,20.47879385755324
0.0745248416138712,17.394316752121398,20.666420504895022
0.0746915638546182,17.465977137325453,20.854047152236813
0.0748582860953651,17.53922546141566,20.91499676568065
0.075025008336112,17.613097659874615,20.92617711202849
0.0751917305768589,17.686969858333565,20.93735745837633
0.0753584528176058,17.75240523900614,20.783431200172814
0.0755251750583527,17.817249077209933,20.61792859044186
0.0756918972990997,17.874925548101384,20.38569501962848
0.0758586195398466,17.920495084613552,20.040741208358053
0.0760253417805935,17.966064621125724,19.695787397087628
0.0761920640213404,18.001058931522863,19.282977524130448
0.0763587862620873,18.022764726787948,18.78490173886869
0.0765255085028342,18.04447052205304,18.286825953606936
0.0766922307435811,18.054724850350887,17.72929117550402
0.0768589529843281,18.05334268181504,17.11179039502977
0.077025675225075,18.03213734391749,16.39916587624101
0.0771923974658219,18.00598459096587,15.624880679046282
0.0773591197065688,17.979811567087967,14.799738207583417
0.0775258419473157,17.953642372134688,13.92164858160593
0.0776925641880626,17.92747078946159,13.00257060154796
0.0778592864288096,17.901299206788497,12.04013994410002
0.0780260086695565,17.875132569910743,11.037849874948668
0.0781927309103034,17.848966041442306,9.995705365713343
0.0783594531510503,17.82279445876921,8.913700334075106
0.0785261753917972,17.796627215191368,7.797473199252521
0.0786928976325441,17.77045234335899,6.656722369887557
0.0788596198732911,17.7442865079384,5.4934786839583465
0.079026342114038,17.71811406065248,4.307741480278355
0.0791930643547849,17.691944837097235,3.0995100434824088
0.0793597865955318,17.66577878647383,1.868622025199364
0.0795265088362787,17.639607760923468,0.6288103597438929
0.0796932310770256,17.61344422160688,-0.6152233455976823
0.0798599533177725,17.587276918720164,-1.831539057096506
0.0800266755585195,17.561105528440596,-2.2961724562629886
0.0801933977992664,17.534940769033643,-1.4711186614857297
0.0803601200400133,17.50877120492765,-0.2172306161571805
0.0805268422807602,17.48260232318442,1.0267494778456012
0.0806935645215071,17.45643625342934,2.260117162111054
0.080860286762254,17.430271046930333,3.4733010868632186
0.081027009003001,17.404102427610756,4.657496083625127
0.0811937312437479,17.37793467105217,5.827503327827214
0.0813604534844948,17.35176957602049,6.953742847667167
0.0815271757252417,17.32560448098881,8.079982367507121
0.0816938979659886,17.299439385957136,9.18404837433594
0.0818606202067355,17.27327429092546,10.240139284639382
0.0820273424474824,17.24710919589378,11.296230194942822
0.0821940646882294,17.220941982104147,12.32469109099616
0.0823607869289763,17.194774019148824,13.2956493151121
0.0825275091697232,17.168613084130445,14.209588149149376
0.0826942314104701,17.142443691365713,15.069057384579146
0.082860953651217,17.116879557241383,15.877495828620615
0.0830276758919639,17.10200552603484,16.625727076300667
0.0831943981327109,17.102133372059896,17.316223299765163
0.0833611203734578,17.118030763021043,17.93871935629863
0.0835278426142047,17.14599812471267,18.50276703775957
0.0836945648549516,17.188338355335013,18.97560631597313
0.0838612870956985,17.236871653100934,19.409145175593007
0.0840280093364454,17.28540495086686,19.842684035212883
0.0841947315771923,17.346184660894128,20.16147424861492
0.0843614538179393,17.410619152391295,20.446019230275475
0.0845281760586862,17.47505364388846,20.730564211936034
0.0846948982994331,17.54657716947336,20.87829913949642
0.08486162054018,17.619436486047967,21.00025486564412
0.0850283427809269,17.69111293807678,20.97944981058412
0.0851950650216738,17.7626287107423,20.939252246458857
0.0853617872624208,17.827175038868305,20.796652710198128
0.0855285095031677,17.887710948478325,20.59512813869296
0.0856952317439146,17.948246858088346,20.393603567187785
0.0858619539846615,17.990687375034394,20.04142655303469
0.0860286762254084,18.030465967898685,19.667087800117045
0.0861953984661553,18.070244560762973,19.2927490471994
0.0863621207069023,18.087534581530026,18.77867460202351
0.0865288429476492,18.103466505504684,18.25616144430427
0.0866955651883961,18.1190964219554,17.732116932133895
0.086862287429143,18.113657071679174,17.101361944925294
0.0870290096698899,18.09086102184704,16.384165278621737
0.0871957319106368,18.06469849999476,15.608906405246389
0.0873624541513837,18.03852895222619,14.779924095023937
0.0875291763921307,18.01235820690822,13.904684670098169
0.0876958986328776,17.986190435759884,12.98555059379116
0.0878626208736245,17.96001975862019,12.022664920955954
0.0880293431143714,17.93384669408486,11.017070547573976
0.0881960653551183,17.907678203179234,9.965036954192882
0.0883627875958652,17.88150773398783,8.882471885151775
0.0885295098366122,17.855337546476736,7.773428423332704
0.0886962320773591,17.829167679668924,6.637908207198649
0.088862954318106,17.80299688977424,5.475911050181134
0.0890296765588529,17.77682762535002,4.287437319563819
0.0891963987995998,17.75066259819057,3.0724864673480488
0.0893631210403467,17.72449463784564,1.841896356217084
0.0895298432810936,17.69832287208035,0.6047135308546947
0.0896965655218406,17.672153255304114,-0.6439690457313968
0.0898632877625875,17.64598325536199,-1.8965542723493436
0.0900300100033344,17.619816313606034,-2.29513865048695
0.0901967322440813,17.593647592866457,-1.4459905356744087
0.0903634544848282,17.567478636149357,-0.1919699851155142
0.0905301767255751,17.54131158653296,1.0536362789511362
0.0906968989663221,17.515147699202462,2.290108732964081
0.090863621207069,17.488978674367555,3.51314549071948
0.0910303434478159,17.462815179270166,4.713057370849999
0.0911970656885628,17.43664346907569,5.889845194865319
0.0913637879293097,17.41047818907539,7.043507498236357
0.0915305101700566,17.384314693978,8.172727830705698
0.0916972324108035,17.358150074804524,9.274127623300911
0.0918639546515505,17.331980242544095,10.33687420256756
0.0920306768922974,17.305811671652492,11.356286570951466
0.0921973991330443,17.279645464364858,12.3397631964698
0.0923641213737912,17.25348015955873,13.30951648794354
0.0925308436145381,17.22731617866092,14.224661791558209
0.092697565855285,17.201151312923376,15.085761724744838
0.092864288096032,17.17540989284789,15.893431272894595
0.0930310103367789,17.158202278062326,16.646392568679097
0.0931977325775258,17.157637936840786,17.335775764634455
0.0933644548182727,17.174700159677112,17.94826823533531
0.0935311770590196,17.202619253110335,18.50286029168396
0.0936978992997665,17.24358042126901,18.98262053116154
0.0938646215405135,17.284541589427686,19.46238077063912
0.0940313437812604,17.33915921270133,19.832382148077546
0.0941980660220073,17.397922267052778,20.16906610939796
0.0943647882627542,17.456685321404226,20.5057500707184
0.0945315105035011,17.524767242045822,20.70185344635922
0.094698232744248,17.59464503354666,20.87086505253614
0.0948649549849949,17.665293455651607,20.9395725289926
0.0950316772257419,17.7364842502098,20.93768561610476
0.0951983994664888,17.80767504476799,20.93579870321693
0.0953651217072357,17.87030232189861,20.77836419754104
0.0955318439479826,17.93208878608147,20.60565717900864
0.0956985661887295,17.987889239231123,20.37809839949393
0.0958652884294764,18.030235514656265,20.027254624902397
0.0960320106702234,18.072581790081408,19.676410850310862
0.0961987329109703,18.106080721400257,19.26854553509339
0.0963654551517172,18.125095913130835,18.767331850531868
0.0965321773924641,18.14411110486141,18.266118165970347
0.096698899633211,18.153452847207088,17.714396633387473
0.0968656218739579,18.147988777662487,17.08687657173018
0.0970323441147048,18.124863851484545,16.369198841845723
0.0971990663554518,18.09869287769024,15.592878835598562
0.0973657885961987,18.072520731789748,14.76443033537396
0.0975325108369456,18.046348085152204,13.883726301297706
0.0976992330776925,18.02018379831647,12.94472560530584
0.0978659553184394,17.99400977779657,11.94557074116466
0.0980326775591863,17.96783648878866,10.936078318740693
0.0981993997999333,17.94166797928549,9.859043040314544
0.0983661220406802,17.915499469782326,8.782007761888394
0.0985328442814271,17.889330960279157,7.68926704049636
0.098699566522174,17.863162450775988,6.535253868105556
0.0988662887629209,17.83699394127282,5.381240695714753
0.0990330110036678,17.810824491716385,4.211622404095631
0.0991997332444147,17.78465256774173,3.000928151344808
0.0993664554851617,17.758480643767072,1.7902338985938844
0.0995331777259086,17.73231124213384,0.5691976986749993
0.0996998999666555,17.706146595470276,-0.6713345316089565
0.0998666222074024,17.679980563207067,-1.90391648875436
0.1000333444481493,17.653804884965652,-2.2895423120149827
0.1002000666888962,17.6276380365319,-1.4208835455508466
0.1003667889296432,17.601471872899722,-0.168235436512405
0.1005335111703901,17.57530737284746,1.0764723804007468
0.100700233411137,17.54913929057991,2.3059869596580453
0.1008669556518839,17.522967970844455,3.521452787267652
0.1010336778926308,17.49679990791644,4.69956017270696
0.1012004001333777,17.47063192374961,5.87676409816715
0.1013671223741247,17.444466213537158,7.003703916779146
0.1015338446148716,17.41830111850548,8.117045612010896
0.1017005668556185,17.392136023473803,9.230387307242554
0.1018672890963654,17.3659679975963,10.279327475566928
0.1020340113371123,17.339799488093135,11.317640598607948
0.1022007335778592,17.313630978589966,12.355953721648966
0.1023674558186061,17.287465924067586,13.325721399499448
0.1025341780593531,17.26130174835867,14.243382919162576
0.1027009003001,17.23513557671337,15.102388470090531
0.1028676225408469,17.209354755852306,15.909038150436038
0.1030343447815938,17.191535137454203,16.662092547686875
0.1032010670223407,17.19156279953221,17.34621210994929
0.1033677892630876,17.20674957855107,17.96340199409588
0.1035345115038346,17.23287383227388,18.527594750550275
0.1037012337445815,17.27485567457267,18.991405891953764
0.1038679559853284,17.321289072371936,19.42703782259732
0.1040346782260753,17.367722470171202,19.862669753240866
0.1042014004668222,17.427807096187056,20.172208209954537
0.1043681227075691,17.490261194219734,20.45986036067144
0.1045348449483161,17.55271529225241,20.74751251138835
0.104701567189063,17.623173756054808,20.884837033248825
0.1048682894298099,17.69429632521229,21.009689188626652
0.1050350116705568,17.764357601313833,20.9742311602762
0.1052017339113037,17.83440674789487,20.936940946507715
0.1053684561520506,17.896919223261754,20.786661027906774
0.1055351783927976,17.95620421940258,20.58799477072972
0.1057019006335445,18.015489215543404,20.389328513552663
0.1058686228742914,18.05520321474656,20.02544918584437
0.1060353451150383,18.093954051692208,19.653439102483247
0.1062020673557852,18.13213074536121,19.27782755222568
0.1063687895965321,18.14733538690839,18.758117675600136
0.106535511837279,18.162540028455577,18.238407798974592
0.106702234078026,18.17575451467731,17.708507886617085
0.1068689563187729,18.16844044859589,17.074192331286415
0.1070356785595198,18.144746593095373,16.354199105488533
0.1072024008002667,18.118580766862003,15.576827948884612
0.1073691230410136,18.09240760170768,14.747230206703165
0.1075358452817605,18.06623566269352,13.86442672199803
0.1077025675225075,18.04006777166081,12.923302655303733
0.1078692897632544,18.013896488480615,11.921889843008245
0.1080360120040013,17.987724505619614,10.910058783500991
0.1082027342447482,17.961554807738693,9.84631791981367
0.1083694564854951,17.935386298235525,8.75557968440186
0.108536178726242,17.909217788732356,7.66484144899005
0.108702900966989,17.883046789573555,6.519159501346132
0.1088696232077359,17.856874865598897,5.353067977504845
0.1090363454484828,17.83070294162424,4.186976453663559
0.1092030676892297,17.804533750719685,2.979918258759516
0.1093697899299766,17.77836524121652,1.762646368129401
0.1095365121707235,17.752196731713354,0.545374477499184
0.1097032344114704,17.726031648252835,-0.6943751279832324
0.1098699566522174,17.699858217549547,-1.9408029122850892
0.1100366788929643,17.673689634250646,-2.288760533956492
0.1102034011337112,17.64752677116564,-1.3957680596015154
0.1103701233744581,17.621355072097764,-0.1426040238973618
0.110536845615205,17.595188421679136,1.1011648052341207
0.1107035678559519,17.56901848278109,2.331042852663531
0.1108702900966989,17.542849866902067,3.537857118111784
0.1110370123374458,17.516681940959188,4.732184890730268
0.1112037345781927,17.49051642380585,5.880843769627562
0.1113704568189396,17.464351328774175,7.021499529547542
0.1115371790596865,17.4381862337425,8.16215528946752
0.1117039013004334,17.41201798996212,9.225495099429889
0.1118706235411803,17.385849480458955,10.282310219136374
0.1120373457819273,17.359680970955786,11.33912533884295
0.1122040680226742,17.33351585361579,12.307094277623424
0.1123707902634211,17.30735075858411,13.2744789258395
0.112537512504168,17.281185984571216,14.236970883957486
0.1127042347449149,17.255022523716246,15.116777315803285
0.1128709569856618,17.229204508926593,15.924782729103825
0.1130376792264088,17.211645278258672,16.675486495635052
0.1132044014671557,17.2095460737349,17.366744626054974
0.1133711237079026,17.22560267530293,17.980452333028072
0.1135378459486495,17.25530890743405,18.52014727662629
0.1137045681893964,17.291348958506685,19.025360119598314
0.1138712904301433,17.335423147839,19.46871035226645
0.1140380126708903,17.390389309893017,19.82819273972894
0.1142047349116372,17.445355471947035,20.18767512719143
0.1143714571523841,17.506542888501848,20.4619187101303
0.114538179393131,17.57405723328344,20.649475629103293
0.1147049016338779,17.641571578065033,20.837032548076284
0.1148716238746248,17.710390674483936,20.92177796740884
0.1150383461153717,17.780205850624572,20.928034541029213
0.1152050683561187,17.850021026765212,20.93429111464959
0.1153717905968656,17.911416746821246,20.77208578619057
0.1155385128376125,17.97216171388932,20.59685977266189
0.1157052350783594,18.02683365037433,20.366275010694547
0.1158719573191063,18.068087294922517,20.01337572426573
0.1160386795598532,18.10934093947069,19.660476437836923
0.1162054018006002,18.14171813761197,19.25030642377336
0.1163721240413471,18.159787520739684,18.74782255581737
0.116538846282094,18.177856903867397,18.245338687861384
0.1167055685228409,18.186290075851183,17.692436204497
0.1168722907635878,18.1792304421644,17.060390343918925
0.1170390130043347,18.15531604824607,16.339139857259813
0.1172057352450816,18.129141723178076,15.56074480262988
0.1173724574858286,18.102972980805596,14.72851511895954
0.1175391797265755,18.076805149398115,13.851468643996393
0.1177059019673224,18.050631660074213,12.92981659454784
0.1178726242080693,18.024461938769896,11.963055761054273
0.1180393464488162,17.998290336540432,10.95495091542992
0.1182060686895631,17.97211708593433,9.901124603441732
0.1183727909303101,17.94595350330895,8.819731978031827
0.118539513171057,17.919780584722133,7.710787189909678
0.1187062354118039,17.893607334116034,6.574291237986069
0.1188729576525508,17.867443248016507,5.410242322561692
0.1190396798932977,17.841270832903824,4.218642143003498
0.1192064021340446,17.815097582297724,2.9994899499607683
0.1193731243747915,17.788930471342155,1.7715912014713553
0.1195398466155385,17.762764190588733,0.5317487171991941
0.1197065688562854,17.73659483883233,-0.7184168970650573
0.1198732910970323,17.710426033886403,-1.9709050146650784
0.1200400133377792,17.68425646472398,-2.293144055279621
0.1202067355785261,17.658084758716473,-1.3706099525191964
0.120373457819273,17.631919706099403,-0.117164723818742
0.12054018006002,17.60575133691592,1.129660901624035
0.1207069023007669,17.579582368992483,2.3631770192114776
0.1208736245415138,17.553415781760265,3.580863222215177
0.1210403467822607,17.52725008815402,4.783524059638758
0.1212070690230076,17.50108175676616,5.968504181851514
0.1213737912637545,17.474917186071217,7.126593256259358
0.1215405135045015,17.448744222638965,8.252507084078575
0.1217072357452484,17.422578044681337,9.34624598322282
0.1218739579859953,17.396413473986406,10.407814071233744
0.1220406802267422,17.37024890329146,11.436081344285586
0.1222074024674891,17.344084183697184,12.430416695410836
0.122374124708236,17.317914777125335,13.377235289349144
0.1225408469489829,17.29174841506131,14.280400200303683
0.1227075691897299,17.26558130817943,15.135652337441009
0.1228742914304768,17.23980266445388,15.940249168026211
0.1230410136712237,17.222258188292006,16.690144934540953
0.1232077359119706,17.22149465822639,17.37473542037221
0.1233744581527175,17.23446699400393,18.002063635180665
0.1235411803934644,17.26583787275646,18.533574567657062
0.1237079026342114,17.29804348555154,19.060738310927466
0.1238746248749583,17.34907317397412,19.453875278496746
0.1240413471157052,17.400822903884087,19.84188557526234
0.1242080693564521,17.453054048423187,20.22440094687678
0.124374791597199,17.518779210143755,20.45289396454932
0.1245415138379459,17.58450437186433,20.68138698222188
0.1247082360786928,17.650806674222085,20.89259890649841
0.1248749583194398,17.72199013918717,20.95765611307857
0.1250416805601867,17.793173604152255,21.02271331965874
0.1252084028009336,17.860095233078553,20.93648438518699
0.1253751250416805,17.92663835150546,20.836819130716748
0.1255418472824274,17.98049882259706,20.588835860207823
0.1257085695231743,18.03311582826562,20.326310805189465
0.1258752917639213,18.085732833934173,20.063785750171142
0.1260420140046682,18.115301268711807,19.63504877958192
0.1262087362454151,18.144447197354683,19.2032649583082
0.126375458486162,18.17230382763548,18.76401081204821
0.1265421807269089,18.177254811296702,18.19203903478917
0.1267089029676558,18.182205794957923,17.62006725753003
0.1268756252084028,18.184799315136495,17.036406649753243
0.1270423474491497,18.16291294111373,16.32411835732701
0.1272090696898966,18.1367437953924,15.544659175321335
0.1273757919306435,18.11057513315198,14.714269009612115
0.1275425141713904,18.084400947574824,13.835792560215769
0.1277092364121373,18.058231089964146,12.902803227237936
0.1278759586528843,18.03206390596554,11.933935552936887
0.1280426808936312,18.00589163742507,10.92891229501171
0.1282094031343781,17.979716911155514,9.88774030506366
0.128376125375125,17.953550281312083,8.810417674513037
0.1285428476158719,17.927377458616427,7.696943039553053
0.1287095698566188,17.901211198209786,6.547317246769989
0.1288762920973657,17.87503852789828,5.375207076380395
0.1290430143381127,17.84887249347691,4.184641581300729
0.1292097365788596,17.822700304085693,2.975592313864788
0.1293764588196065,17.796534634063278,1.749107609072401
0.1295431810603534,17.77036078105088,0.5061772307306818
0.1297099033011003,17.744195816426913,-0.7436696695608436
0.1298766255418472,17.718028461346837,-1.9888663533756987
0.1300433477825942,17.691858994373533,-2.292350043717109
0.1302100700233411,17.665688664528872,-1.345485503346424
0.130376792264088,17.639517263020185,-0.0921211562304146
0.1305435145048349,17.6133529358111,1.153440139323664
0.1307102367455818,17.58718750944517,2.3877587040011714
0.1308769589863287,17.561017136596515,3.607506258490001
0.1310436812270757,17.534846130965075,4.809186558386164
0.1312104034678226,17.508680282932712,5.989627265787158
0.1313771257085695,17.48251372794001,7.1454859986178665
0.1315438479493164,17.456344210300358,8.273756848476845
0.1317105701900633,17.43017954162819,9.371066454957733
0.1318772924308102,17.404011398414177,10.434608797429188
0.1320440146715571,17.377845183390587,11.461284598035814
0.1322107369123041,17.351683053823205,12.448707025161694
0.132377459153051,17.32551360684851,13.393265607211202
0.1325441813937979,17.29934384608886,14.298032595444624
0.1327109036345448,17.27318684118003,15.152264950058733
0.1328776258752917,17.247408024384637,15.955916821125168
0.1330443481160386,17.23002829490227,16.70453433285995
0.1332110703567856,17.22875410568445,17.39101299078428
0.1333777925975325,17.24524926108608,17.999951173555644
0.1335445148382794,17.273603053956627,18.54430846636031
0.1337112370790263,17.31226347878545,19.03024553061822
0.1338779593197732,17.351418008678216,19.51228152009916
0.1340446815605201,17.408033360462138,19.85646024634121
0.1342114038012671,17.464648712246074,20.200638972583324
0.134378126042014,17.522400568519185,20.528232679137357
0.1345448482827609,17.590518041321836,20.70456085541325
0.1347115705235078,17.658635514124477,20.88088903168912
0.1348782927642547,17.728076007478307,20.93016443018905
0.1350450150050016,17.7979957889419,20.933412663315394
0.1352117372457486,17.86777257163621,20.933948165848765
0.1353784594864955,17.928566109228704,20.764068748504243
0.1355451817272424,17.989359646821207,20.594189331159694
0.1357119039679893,18.041912249609343,20.347718552043197
0.1358786262087362,18.083483440006145,19.999186374650755
0.1360453484494831,18.125054630402943,19.65065419725826
0.13621207069023,18.155091610916944,19.22713941210199
0.136378792930977,18.173594631923947,18.728643646846862
0.1365455151717239,18.19209765293095,18.23014788159182
0.1367122374124708,18.19845137218049,17.667702953464314
0.1368789596532177,18.190703056611422,17.033525466346926
0.1370456818939646,18.16628290833217,16.309042363520653
0.1372124041347115,18.140106101191552,15.528544732171936
0.1373791263754585,18.11394016374728,14.693686078123886
0.1375458486162054,18.087765996807224,13.813550937538428
0.1377125708569523,18.061594020435425,12.888508931627973
0.1378792930976992,18.035427662927138,11.91903666189916
0.1380460153384461,18.009253495987082,10.908311351954334
0.138212737579193,17.983080963967208,9.848861308814731
0.1383794598199399,17.95691162663597,8.7639635381515
0.1385461820606869,17.93074068262258,7.632396705904684
0.1387129043014338,17.904570180246026,6.484581635088789
0.1388796265421807,17.878400654353126,5.300840802337845
0.1390463487829276,17.852231128460232,4.117099969587099
0.1392130710236745,17.826062175763944,2.9115405378958954
0.1393797932644214,17.79989366626078,1.6891110607636133
0.1395465155051684,17.77372515675761,0.4666815836311273
0.1397132377459153,17.747558756404715,-0.770244529611944
0.1398799599866622,17.721383847675884,-2.010749518286651
0.1400466822274091,17.69521864573181,-2.282983298543708
0.140213404468156,17.669050995170526,-1.3203952759254334
0.1403801267089029,17.642878389361098,-0.067793950819266
0.1405468489496499,17.616711772854696,1.1762838177180206
0.1407135711903968,17.59055041505683,2.4054939233963903
0.1408802934311437,17.564380518362327,3.616706528809296
0.1410470156718906,17.53821311830343,4.795716257798962
0.1412137379126375,17.512046349356204,5.966585587511369
0.1413804601533844,17.485878597247957,7.099918020873128
0.1415471823941313,17.459710087744792,8.20433326328718
0.1417139046348783,17.43354157824162,9.308748505701416
0.1418806268756252,17.407375240832828,10.363963638511446
0.1420473491163721,17.38121014580115,11.391037687194432
0.142214071357119,17.355045050769473,12.418111735877249
0.1423807935978659,17.32888003431692,13.391890453940508
0.1425475158386128,17.30270922487806,14.311435332609047
0.1427142380793598,17.27654258840164,15.168842018054631
0.1428809603201067,17.250800254488446,15.971466910715014
0.1430476825608536,17.23325210409572,16.72041975609461
0.1432144048016005,17.233508146807587,17.400345678115
0.1433811270423474,17.249558544820708,18.009287594439698
0.1435478492830943,17.274145455668442,18.577067143276253
0.1437145715238412,17.318291951940353,19.022556620333354
0.1438812937645882,17.36313420602505,19.463696093491112
0.1440480160053351,17.40857557573613,19.89945260734295
0.144214738246082,17.469636569400688,20.194869266229272
0.1443814604868289,17.53069756306524,20.490285925115547
0.1445481827275758,17.592741232134934,20.76802639582568
0.1447149049683227,17.662881838662127,20.900120614068754
0.1448816272090697,17.73288304429595,20.99339873099174
0.1450483494498166,17.802441385220842,20.963361415743567
0.1452150716905635,17.87199972614575,20.93332410049539
0.1453817939313104,17.932784395786417,20.767050219534053
0.1455485161720573,17.991943995556387,20.57554243920977
0.1457152384128042,18.048348204808487,20.360196209174976
0.1458819606535511,18.087317567929524,19.99401121417667
0.1460486828942981,18.12628693105057,19.627826219178303
0.146215405135045,18.16041185424364,19.2309096409146
0.1463821273757919,18.176063791556075,18.716806326476405
0.1465488496165388,18.191715728868516,18.2027030120383
0.1467155718572857,18.201564227139198,17.65860259316903
0.1468822940980326,18.19274501771747,17.01955198129557
0.1470490163387796,18.168205815635996,16.293947984049133
0.1472157385795265,18.1420316282822,15.512407686175594
0.1473824608202734,18.11586869364715,14.677528126881814
0.1475491830610203,18.08969342010168,13.795971991932538
0.1477159053017672,18.06351642862769,12.870904264014351
0.1478826275425141,18.03734529611797,11.898513433619028
0.1480493497832611,18.011175063575003,10.88036999156486
0.148216072024008,17.985006970614794,9.825767265571198
0.1483827942647549,17.95883750488936,8.735957716130557
0.1485495165055018,17.932667249520712,7.603904548714426
0.1487162387462487,17.90649677880645,6.460331016279353
0.1488829609869956,17.880327696254838,5.279713193504326
0.1490496832277425,17.854159186751673,4.08380309013663
0.1492164054684895,17.827990677248504,2.887892986768734
0.1493831277092364,17.80182216774534,1.6636499682490573
0.1495498499499833,17.77565365824217,0.4313735582456135
0.1497165721907302,17.749485148739005,-0.8009028517576255
0.1498832944314771,17.723315340476255,-1.9542245615032212
0.150050016672224,17.69714577896818,-2.2857282143775173
0.150216738912971,17.67098014514939,-1.2952298472732997
0.1503834611537179,17.644803194922684,-0.042269063514627
0.1505501833944648,17.618634821499718,1.2020924348027928
0.1507169056352117,17.592472413704385,2.43004407673856
0.1508836278759586,17.56630331972205,3.651292460683854
0.1510503501167055,17.540137873898463,4.843533655054595
0.1512170723574524,17.513973062536866,6.02854917179973
0.1513837945981994,17.487801453203215,7.1741778019346025
0.1515505168389463,17.4616336127041,8.282680913237034
0.1517172390796932,17.43546701061575,9.377773153375422
0.1518839613204401,17.409299152619646,10.41796389737728
0.152050683561187,17.38313129462354,11.45815464137931
0.1522174058019339,17.356965626378656,12.46899821651607
0.1523841280426809,17.33080512057276,13.428984191961131
0.1525508502834278,17.30463712782981,14.333445345849434
0.1527175725241747,17.2784674299989,15.185371999160967
0.1528842947649216,17.25280790097227,15.986782453085496
0.1530510170056685,17.2357636343691,16.733644140401662
0.1532177392464154,17.236087463684733,17.412660623737096
0.1533844614871623,17.249188339819227,18.03779348068289
0.1535511837279093,17.28083125369153,18.56662899403712
0.1537179059686562,17.313842885569183,19.085780099771902
0.1538846282094031,17.365046300040678,19.47621467129578
0.15405135045015,17.416249714512166,19.866649242819587
0.1542180726908969,17.469441323013445,20.234744365898663
0.1543847949316438,17.534719188968758,20.467037690340128
0.1545515171723908,17.59999705492408,20.699331014781627
0.1547182394131377,17.66649498811257,20.897273457301456
0.1548849616538846,17.737512950605815,20.967954886077475
0.1550516838946315,17.808221369759845,21.026721771741578
0.1552184061353784,17.87500440540422,20.93439785642874
0.1553851283761253,17.940114813428167,20.821938832583072
0.1555518506168723,17.99350007518209,20.56833237709789
0.1557185728576192,18.046885336936004,20.314725921612744
0.1558852950983661,18.095766265668598,20.028034115460724
0.156052017339113,18.126185792177434,19.60573911045902
0.1562187395798599,18.156605318686267,19.183444105457383
0.1563854618206068,18.18057467722359,18.72328449606117
0.1565521840613537,18.186874377123555,18.159398187291625
0.1567189063021007,18.193174077023524,17.595511878521986
0.1568856285428476,18.19295720627115,16.999278184608194
0.1570523507835945,18.16964841887173,16.27877272537835
0.1572190730243414,18.143478185455216,15.496252755722972
0.1573857952650883,18.117307151977776,14.659384554587897
0.1575525175058352,18.09113765614761,13.780151366660675
0.1577192397465822,18.064962774585457,12.85227960713527
0.1578859619873291,18.03879784720037,11.88505244721562
0.158052684228076,18.01262291981528,10.870757459752856
0.1582194064688229,17.986453292996217,9.811433064785138
0.1583861287095698,17.960280136439234,8.736246427462135
0.1585528509503167,17.934111762617988,7.604556557859887
0.1587195731910636,17.907943520252203,6.4713136736694405
0.1588862954318106,17.88177072214999,5.293357638128466
0.1590530176725575,17.85559725440323,4.108829247340634
0.1592197399133044,17.829433411646797,2.893560866886969
0.1593864621540513,17.803265422553256,1.6631517859249505
0.1595531843947982,17.777096525227893,0.4252187657307801
0.1597199066355451,17.75092863019609,-0.822592552673097
0.1598866288762921,17.72475623310881,-1.9919834379826356
0.160053351117039,17.698585582487915,-2.281452295382849
0.1602200733577859,17.672419577343526,-1.270178062360912
0.1603867955985328,17.646254941773744,-0.017259088342816
0.1605535178392797,17.620081939401068,1.2252829402130745
0.1607202400800266,17.59391157165229,2.4576946430668283
0.1608869623207735,17.56774902729184,3.669336193104992
0.1610536845615205,17.54158523005883,4.872435799799647
0.1612204068022674,17.515416081846038,6.039053031684991
0.1613871290430143,17.489246993150346,7.198821640782363
0.1615538512837612,17.463078309441315,8.311988506586747
0.1617205735245081,17.436909734666433,9.384980660671784
0.161887295765255,17.410741231374864,10.431609904880862
0.162054018006002,17.384574317992918,11.44532784639881
0.1622207402467489,17.358409222961246,12.42140573902961
0.1623874624874958,17.332244127929567,13.397483631660574
0.1625541847282427,17.306080604348136,14.337995144658777
0.1627209069689896,17.279911849381765,15.20187688877881
0.1628876292097365,17.254310832288645,16.00221654024695
0.1630543514504835,17.23736104544227,16.748540687424583
0.1632210736912304,17.237780158145807,17.427529462076652
0.1633877959319773,17.254647291112917,18.032270738065986
0.1635545181727242,17.28055301206743,18.590676220373677
0.1637212404134711,17.324429003036613,19.03833186669609
0.163887962654218,17.368304994005808,19.48598751301859
0.1640546848949649,17.41560119796131,19.90377997555225
0.1642214071357119,17.47589393554051,20.20809474714281
0.1643881293764588,17.536186673119694,20.512409518733318
0.1645548516172057,17.59913242937485,20.770935635326733
0.1647215738579526,17.668912910130782,20.91150071191588
0.1648882960986995,17.738663975363696,20.97623549990777
0.1650550183394464,17.808381479261964,20.9544525099036
0.1652217405801934,17.878098983160246,20.932669519899427
0.1653884628209403,17.938249989775105,20.75653892181476
0.1655551850616872,17.99793609720237,20.572907555634973
0.1657219073024341,18.05186145776922,20.338159145761875
0.165888629543181,18.091698096648845,19.978396771637197
0.1660553517839279,18.13153473552848,19.61863439751245
0.1662220740246748,18.162986310865268,19.20518194185399
0.1663887962654218,18.17962844490995,18.69690371577859
0.1665555185061687,18.196270578954632,18.18862548970327
