time,V(n001),I(R2)
0.0,-8.053694e-16,0.0
0.0001667222407469,6.016227982106691e-06,0.0
0.0003334444814938,0.0066786043587129,0.0
0.0005001667222407,0.0399969055862044,0.0
0.0006668889629876,0.104708840196541,0.0
0.0008336112037345,0.2085959523042327,0.0
0.0010003334444814,0.315094580283437,0.0
0.0011670556852284,0.4648440179828225,0.0
0.0013337779259753,0.6236186836713855,0.0
0.0015005001667222,0.7823933493599484,0.0
0.0016672224074691,0.9916810273057995,0.0
0.001833944648216,1.2066659860253728,0.0
0.0020006668889629,1.421650944744946,0.0
0.0021673891297099,1.686267039807515,0.0
0.0023341113704568,1.9524216780202528,0.0
0.0025008336112037,2.2202243993792394,0.0
0.0026675558519506,2.5263601086156515,0.0
0.0028342780926975,2.832495817852064,0.0
0.0030010003334444,3.141793430604987,0.0
0.0031677225741913,3.476032288891082,0.0
0.0033344448149383,3.810271147177178,0.0
0.0035011670556852,4.14742059075678,0.0
0.0036678892964321,4.497495084921501,0.0
0.003834611537179,4.847569579086222,0.0
0.0040013337779259,5.198779761471785,0.0
0.0041680560186728,5.553306385012967,0.0
0.0043347782594198,5.907833008554147,0.0
0.0045015005001667,6.260342335738239,0.0
0.0046682227409136,6.608688097295764,0.0
0.0048349449816605,6.952746815184178,0.0
0.0050016672224074,7.285966262493559,0.0
0.0051683894631543,7.619185709802941,0.0
0.0053351117039013,7.935519632189047,0.0
0.0055018339446482,8.244070612035246,0.0
0.0056685561853951,8.550755800411471,0.0
0.005835278426142,8.824056586006671,0.0
0.0060020006668889,9.09735737160187,0.0
0.0061687229076358,9.365065925530756,0.0
0.0063354451483827,9.593347587418052,0.0
0.0065021673891297,9.821629249305348,0.0
0.0066688896298766,10.039370122692649,0.0
0.0068356118706235,10.21373693829785,0.0
0.0070023341113704,10.388103753903051,0.0
0.0071690563521173,10.546401036421804,0.0
0.0073357785928642,10.660536574934644,0.0
0.0075025008336112,10.77467211344748,0.0
0.0076692230743581,10.871489557165432,0.0
0.007835945315105,10.934401194377836,0.0
0.0080026675558519,10.99731283159024,0.0
0.0081693897965988,11.045068680972376,0.0
0.0083361120373457,11.05253,0.0
0.0085028342780926,11.052454698666375,0.0
0.0086695565188396,11.052381290137788,0.0
0.0088362787595865,11.0523078816092,0.0
0.0090030010003334,11.052234473080617,0.0
0.0091697232410803,11.052161064552028,0.0
0.0093364454818272,11.05208740715009,0.0
0.0095031677225741,11.052013180977134,0.0
0.0096698899633211,11.05193895480418,0.0
0.009836612204068,11.051864728631225,0.0
0.0100033344448149,11.051790502458267,0.0
0.0101700566855618,11.051716276285314,0.0
0.0103367789263087,11.051642050112358,0.0
0.0105035011670556,11.051567823939402,0.0
0.0106702234078026,11.051493597766449,0.0
0.0108369456485495,11.051421598271483,0.0
0.0110036678892964,11.051349543949826,0.0
0.0111703901300433,11.05127330414352,0.0
0.0113371123707902,11.051195314713675,0.0
0.0115038346115371,11.051123418138957,0.0
0.011670556852284,11.051050617883323,0.0
0.011837279093031,11.05338111534239,0.0
0.0120040013337779,11.07369483809719,0.0
0.0121707235745248,11.118244689267575,0.0
0.0123374458152717,11.19067844712674,0.0
0.0125041680560186,11.273182796334885,0.0
0.0126708902967655,11.383876547585302,0.0
0.0128376125375125,11.494570298835718,0.0
0.0130043347782594,11.614919089624223,0.0
0.0131710570190063,11.760706778853969,0.0
0.0133377792597532,11.90649446808371,0.0
0.0135045015005001,12.062089963211834,0.0
0.013671223741247,12.236190450040777,0.0
0.0138379459819939,12.41029093686972,0.0
0.0140046682227409,12.590857895585732,0.0
0.0141713904634878,12.780439596152588,0.0
0.0143381127042347,12.970021296719445,0.0
0.0145048349449816,13.161469377555656,0.0
0.0146715571857285,13.35486790773673,0.0
0.0148382794264754,13.546090761851366,0.0
0.0150050016672224,13.733385516349957,0.0
0.0151717239079693,13.920680270848546,0.0
0.0153384461487162,14.096170975268477,0.0
0.0155051683894631,14.26716823797924,0.0
0.01567189063021,14.435371856910082,0.0
0.0158386128709569,14.579793757543628,0.0
0.0160053351117039,14.724215658177169,0.0
0.0161720573524508,14.862212903580437,0.0
0.0163387795931977,14.970216051296342,0.0
0.0165055018339446,15.07821919901225,0.0
0.0166722240746915,15.176433479445055,0.0
0.0168389463154384,15.244917534129952,0.0
0.0170056685561853,15.313401588814846,0.0
0.0171723907969323,15.371316471557533,0.0
0.0173391130376792,15.406667158059754,0.0
0.0175058352784261,15.426326503920768,0.0
0.017672557519173,15.426417931118344,0.0
0.0178392797599199,15.426310491834826,0.0
0.0180060020006668,15.426209253596216,0.0
0.0181727242414138,15.426104140651322,0.0
0.0183394464821607,15.42600393246938,0.0
0.0185061687229076,15.425901965054909,0.0
0.0186728909636545,15.425798511490406,0.0
0.0188396132044014,15.425694768237614,0.0
0.0190063354451483,15.425592114711066,0.0
0.0191730576858952,15.42548946118452,0.0
0.0193397799266422,15.425386600080577,0.0
0.0195065021673891,15.425283027778695,0.0
0.019673224408136,15.42517945547682,0.0
0.0198399466488829,15.42507588317494,0.0
0.0200066688896298,15.424972310873065,0.0
0.0201733911303767,15.424868738571185,0.0
0.0203401133711237,15.424765166269305,0.0
0.0205068356118706,15.424661593967429,0.0
0.0206735578526175,15.424558021665549,0.0
0.0208402800933644,15.424454949920111,0.0
0.0210070023341113,15.424352515775398,0.0
0.0211737245748582,15.424250081630683,0.0
0.0213404468156052,15.424147647485968,0.0
0.0215071690563521,15.424045213341254,0.0
0.021673891297099,15.42394277919654,0.0
0.0218406135378459,15.423840345051824,0.0
0.0220073357785928,15.423737910907109,0.0
0.0221740580193397,15.423635476762394,0.0
0.0223407802600866,15.4235363855928,0.0
0.0225075025008336,15.423729990477876,0.0
0.0226742247415805,15.432387919950653,0.0
0.0228409469823274,15.46080589017128,0.0
0.0230076692230743,15.508474097089875,0.0
0.0231743914638212,15.567402131547482,0.0
0.0233411137045681,15.647233135867678,0.0
0.0235078359453151,15.727064140187874,0.0
0.023674558186062,15.813826967035409,0.0
0.0238412804268089,15.916397690609934,0.0
0.0240080026675558,16.01896841418446,0.0
0.0241747249083027,16.127346556565445,0.0
0.0243414471490496,16.245357520219997,0.0
0.0245081693897965,16.36336848387455,0.0
0.0246748916305435,16.48345819189362,0.0
0.0248416138712904,16.606115314497345,0.0
0.0250083361120373,16.727141330006763,0.0
0.0251750583527842,16.844607631326355,0.0
0.0253417805935311,16.957063421362985,0.0
0.025508502834278,17.06016531609228,0.0
0.025675225075025,17.163267210821576,0.0
0.0258419473157719,17.254707622680865,0.0
0.0260086695565188,17.33361264435476,0.0
0.0261753917972657,17.41251766602865,0.0
0.0263421140380126,17.475885738619784,0.0
0.0265088362787595,17.52670673228434,0.0
0.0266755585195065,17.577527725948894,0.0
0.0268422807602534,17.613000855097226,0.0
0.0270090030010003,17.633226230514424,0.0
0.0271757252417472,17.634682097734263,0.0
0.0273424474824941,17.63456,0.0
0.027509169723241,17.634445752936024,0.0
0.0276758919639879,17.634329814813128,0.0
0.0278426142047349,17.634214499146857,0.0
0.0280093364454818,17.634097120277534,0.0
0.0281760586862287,17.633977892522292,0.0
0.0283427809269756,17.63385866476705,0.0
0.0285095031677225,17.633742081847583,0.0
0.0286762254084694,17.63362598981691,0.0
0.0288429476492164,17.633509897786233,0.0
0.0290096698899633,17.633390682395426,0.0
0.0291763921307102,17.633271175893256,0.0
0.0293431143714571,17.63315166939109,0.0
0.029509836612204,17.63303328514712,0.0
0.0296765588529509,17.632914916802118,0.0
0.0298432810936978,17.632796548457115,0.0
0.0300100033344448,17.632678180112112,0.0
0.0301767255751917,17.632559811767106,0.0
0.0303434478159386,17.632441443422103,0.0
0.0305101700566855,17.6323230750771,0.0
0.0306768922974324,17.632204706732097,0.0
0.0308436145381793,17.632086793418107,0.0
0.0310103367789263,17.63197070138743,0.0
0.0311770590196732,17.631854609356754,0.0
0.0313437812604201,17.631738517326077,0.0
0.031510503501167,17.6316224252954,0.0
0.0316772257419139,17.631506333264724,0.0
0.0318439479826608,17.631389071858578,0.0
0.0320106702234078,17.631269565356412,0.0
0.0321773924641547,17.631150058854242,0.0
0.0323441147049016,17.63103164613258,0.0
0.0325108369456485,17.63091597026402,0.0
0.0326775591863954,17.63079827664732,0.0
0.0328442814271423,17.630683021755726,0.0
0.0330110036678892,17.63223082068549,0.0
0.0331777259086362,17.64434757833675,0.0
0.0333444481493831,17.67335239659356,0.0
0.03351117039013,17.713151639581323,0.0
0.0336778926308769,17.767180646566988,0.0
0.0338446148716238,17.82381566533046,0.0
0.0340113371123707,17.894351817381146,0.0
0.0341780593531177,17.964887969431828,0.0
0.0343447815938646,18.03788258328761,0.0
0.0345115038346115,18.119146843010792,0.0
0.0346782260753584,18.200411102733963,0.0
0.0348449483161053,18.282804986186093,0.0
0.0350116705568522,18.36578813764365,0.0
0.0351783927975992,18.448771289101213,0.0
0.0353451150383461,18.52360971568104,0.0
0.035511837279093,18.59714065783764,0.0
0.0356785595198399,18.664755039629657,0.0
0.0358452817605868,18.71879587990975,0.0
0.0360120040013337,18.77283672018984,0.0
0.0361787262420806,18.818930432589863,0.0
0.0363454484828276,18.851770819385465,0.0
0.0365121707235745,18.884611206181063,0.0
0.0366788929643214,18.909283278433943,0.0
0.0368456152050683,18.913340366350248,0.0
0.0370123374458152,18.91322,0.0
0.0371790596865621,18.91309176735486,0.0
0.0373457819273091,18.91296539656234,0.0
0.037512504168056,18.912840284692376,0.0
0.0376792264088029,18.912715144685684,0.0
0.0378459486495498,18.912587782586744,0.0
0.0380126708902967,18.91245916646876,0.0
0.0381793931310436,18.912330550350767,0.0
0.0383461153717905,18.91220367317449,0.0
0.0385128376125375,18.91207733772934,0.0
0.0386795598532844,18.911951002284194,0.0
0.0388462820940313,18.91182466683905,0.0
0.0390130043347782,18.911698331393897,0.0
0.0391797265755251,18.911571995948748,0.0
0.039346448816272,18.9114456605036,0.0
0.039513171057019,18.91131932505845,0.0
0.0396798932977659,18.9111929896133,0.0
0.0398466155385128,18.911066654168152,0.0
0.0400133377792597,18.910940318723007,0.0
0.0401800600200066,18.91081398327786,0.0
0.0403467822607535,18.91068764783271,0.0
0.0405135045015005,18.91056131238756,0.0
0.0406802267422474,18.91043497694241,0.0
0.0408469489829943,18.910308641497263,0.0
0.0410136712237412,18.910182306052118,0.0
0.0411803934644881,18.910055970606965,0.0
0.041347115705235,18.909929635161816,0.0
0.0415138379459819,18.909803299716668,0.0
0.0416805601867289,18.90967696427152,0.0
0.0418472824274758,18.909550628826373,0.0
0.0420140046682227,18.909424293381225,0.0
0.0421807269089696,18.90929795793608,0.0
0.0423474491497165,18.909171622490927,0.0
0.0425141713904634,18.909045287045775,0.0
0.0426808936312104,18.908919101253424,0.0
0.0428476158719573,18.90879634773607,0.0
0.0430143381127042,18.908668796501686,0.0
0.0431810603534511,18.90857,0.0
0.043347782594198,18.911172902650826,0.0
0.0435145048349449,18.924106555838083,0.0
0.0436812270756918,18.95041397647876,0.0
0.0438479493164388,18.985703863776,0.0
0.0440146715571857,19.031600698045988,0.0
0.0441813937979326,19.08003665669411,0.0
0.0443481160386795,19.132234976743597,0.0
0.0445148382794264,19.190373182812284,0.0
0.0446815605201733,19.24851138888097,0.0
0.0448482827609203,19.307600537185,0.0
0.0450150050016672,19.36781019003816,0.0
0.0451817272424141,19.428019842891324,0.0
0.045348449483161,19.48159945376136,0.0
0.0455151717239079,19.533523579337047,0.0
0.0456818939646548,19.58257612035588,0.0
0.0458486162054017,19.619466070339207,0.0
0.0460153384461487,19.656356020322534,0.0
0.0461820606868956,19.689096105215963,0.0
0.0463487829276425,19.71016456022104,0.0
0.0465155051683894,19.723251895388035,0.0
0.0466822274091363,19.72383,0.0
0.0468489496498832,19.7237,0.0
0.0470156718906302,19.72356663454268,0.0
0.0471823941313771,19.723442024113755,0.0
0.047349116372124,19.72330778762453,0.0
0.0475158386128709,19.723173551135304,0.0
0.0476825608536178,19.723043383181476,0.0
0.0478492830943647,19.72291507815685,0.0
0.0480160053351117,19.72278015911169,0.0
0.0481827275758586,19.72264524785384,0.0
0.0483494498166055,19.722514693948696,0.0
0.0485161720573524,19.72238300688229,0.0
0.0486828942980993,19.722250206716488,0.0
0.0488496165388462,19.722117904472537,0.0
0.0490163387795931,19.72198636157555,0.0
0.0491830610203401,19.72185481867856,0.0
0.049349783261087,19.72172327578157,0.0
0.0495165055018339,19.72159162610637,0.0
0.0496832277425808,19.721459973704192,0.0
0.0498499499833277,19.72132832130201,0.0
0.0500166722240746,19.72119666889983,0.0
0.0501833944648216,19.721065016497647,0.0
0.0503501167055685,19.720933364095465,0.0
0.0505168389463154,19.72080171169328,0.0
0.0506835611870623,19.7206700592911,0.0
0.0508502834278092,19.7205390079436,0.0
0.0510170056685561,19.72040925802696,0.0
0.051183727909303,19.72027950811032,0.0
0.05135045015005,19.72014843604088,0.0
0.0515171723907969,19.72001527165275,0.0
0.0516838946315438,19.71988210726462,0.0
0.0518506168722907,19.71975050844376,0.0
0.0520173391130376,19.71962075852712,0.0
0.0521840613537845,19.719491008610483,0.0
0.0523507835945315,19.719359449712105,0.0
0.0525175058352784,19.719226285323973,0.0
0.0526842280760253,19.719093120935845,0.0
0.0528509503167722,19.71895891929505,0.0
0.0530176725575191,19.718827852761805,0.0
0.053184394798266,19.718698527815377,0.0
0.053351117039013,19.718571868318783,0.0
0.0535178392797599,19.719732827970745,0.0
0.0536845615205068,19.728001136247272,0.0
0.0538512837612537,19.746480418616407,0.0
0.0540180060020006,19.775378541773232,0.0
0.0541847282427475,19.81032861190002,0.0
0.0543514504834945,19.848769655688837,0.0
0.0545181727242414,19.89029480074015,0.0
0.0546848949649883,19.93554913797348,0.0
0.0548516172057352,19.981152200141437,0.0
0.0550183394464821,20.0272934532588,0.0
0.055185061687229,20.07343470637617,0.0
0.0553517839279759,20.113242583056795,0.0
0.0555185061687229,20.151348026605955,0.0
0.0556852284094698,20.18751105022231,0.0
0.0558519506502167,20.213389329648784,0.0
0.0560186728909636,20.23926760907526,0.0
0.0561853951317105,20.2622761694021,0.0
0.0563521173724574,20.272238745258623,0.0
0.0565188396132044,20.272732117189804,0.0
0.0566855618539513,20.2725993137017,0.0
0.0568522840946982,20.27246,0.0
0.0570190063354451,20.27232695268256,0.0
0.057185728576192,20.27219201387533,0.0
0.0573524508169389,20.272057075068098,0.0
0.0575191730576858,20.271922136260866,0.0
0.0576858952984328,20.27178660430398,0.0
0.0578526175391797,20.27164979554008,0.0
0.0580193397799266,20.271512998561757,0.0
0.0581860620206735,20.271376419702133,0.0
0.0583527842614204,20.271239840842515,0.0
0.0585195065021673,20.27110368043332,0.0
0.0586862287429143,20.270970516045196,0.0
0.0588529509836612,20.270837351657065,0.0
0.0590196732244081,20.270703525404038,0.0
0.059186395465155,20.270566946544417,0.0
0.0593531177059019,20.2704303676848,0.0
0.0595198399466488,20.27029424146486,0.0
0.0596865621873957,20.270159369840982,0.0
0.0598532844281427,20.27002449821711,0.0
0.0600200066688896,20.26988962659324,0.0
0.0601867289096365,20.26975475496936,0.0
0.0603534511503834,20.269619883345488,0.0
0.0605201733911303,20.26948431566745,0.0
0.0606868956318772,20.269347736807838,0.0
0.0608536178726242,20.269211157948217,0.0
0.0610203401133711,20.2690745790886,0.0
0.061187062354118,20.268938000228975,0.0
0.0613537845948649,20.26880142136936,0.0
0.0615205068356118,20.268666721446998,0.0
0.0616872290763587,20.268533557058863,0.0
0.0618539513171057,20.26840039267073,0.0
0.0620206735578526,20.26826510593088,0.0
0.0621873957985995,20.26812852707126,0.0
0.0623541180393464,20.26799194821164,0.0
0.0625208402800933,20.267855369352016,0.0
0.0626875625208402,20.267718790492395,0.0
0.0628542847615871,20.267582211632774,0.0
0.0630210070023341,20.26744692455257,0.0
0.063187729243081,20.26731713444743,0.0
0.0633544514838279,20.26718097698674,0.0
0.0635211737245748,20.267057434354705,0.0
0.0636878959653217,20.268221576323448,0.0
0.0638546182060686,20.275812780671345,0.0
0.0640213404468156,20.29297134657977,0.0
0.0641880626875625,20.317119667539945,0.0
0.0643547849283094,20.345962430636597,0.0
0.0645215071690563,20.37892429363776,0.0
0.0646882294098032,20.41391161490933,0.0
0.0648549516505501,20.449459604919745,0.0
0.0650216738912971,20.48559886528392,0.0
0.065188396132044,20.521738125648103,0.0
0.0653551183727909,20.551978984848155,0.0
0.0655218406135378,20.58105922840485,0.0
0.0656885628542847,20.60777163337838,0.0
0.0658552850950316,20.62625758202793,0.0
0.0660220073357785,20.64474353067748,0.0
0.0661887295765255,20.660208973327062,0.0
0.0663554518172724,20.6624915821775,0.0
0.0665221740580193,20.66236,0.0
0.0666888962987662,20.662226149903077,0.0
0.0668556185395131,20.66208754652018,0.0
0.06702234078026,20.661949504812554,0.0
0.067189063021007,20.661811454935755,0.0
0.0673557852617539,20.661672224183903,0.0
0.0675225075025008,20.66153299343205,0.0
0.0676892297432477,20.6613937626802,0.0
0.0678559519839946,20.661257112153784,0.0
0.0680226742247415,20.661120533294163,0.0
0.0681893964654885,20.660983954434545,0.0
0.0683561187062354,20.660847375574924,0.0
0.0685228409469823,20.660710796715303,0.0
0.0686895631877292,20.660573823302077,0.0
0.0688562854284761,20.66043382997096,0.0
0.069023007669223,20.660293836639852,0.0
0.0691897299099699,20.6601542686208,0.0
0.0693564521507169,20.660016551604013,0.0
0.0695231743914638,20.65987883458723,0.0
0.0696898966322107,20.659741117570448,0.0
0.0698566188729576,20.659603400553664,0.0
0.0700233411137045,20.65946568353688,0.0
0.0701900633544514,20.65932796652009,0.0
0.0703567855951984,20.659190249503315,0.0
0.0705235078359453,20.65905253248653,0.0
0.0706902300766922,20.658915271540245,0.0
0.0708569523174391,20.658778692680624,0.0
0.071023674558186,20.658642113821006,0.0
0.0711903967989329,20.65850392333542,0.0
0.0713571190396799,20.65836393000431,0.0
0.0715238412804268,20.6582239366732,0.0
0.0716905635211737,20.658085798382523,0.0
0.0718572857619206,20.657949219522905,0.0
0.0720240080026675,20.657812640663284,0.0
0.0721907302434144,20.65767396334876,0.0
0.0723574524841613,20.65753397001765,0.0
0.0725241747249083,20.65739397668654,0.0
0.0726908969656552,20.657256325224807,0.0
0.0728576192064021,20.657119746365183,0.0
0.073024341447149,20.656983167505565,0.0
0.0731910636878959,20.65684781367295,0.0
0.0733577859286428,20.656704741479388,0.0
0.0735245081693898,20.65657154626915,0.0
0.0736912304101367,20.656486803420155,0.0
0.0738579526508836,20.65870087711488,0.0
0.0740246748916305,20.667104346422622,0.0
0.0741913971323774,20.683952948154527,0.0
0.0743581193731243,20.705962914595982,0.0
0.0745248416138712,20.73239435823173,0.0
0.0746915638546182,20.759951678295444,0.0
0.0748582860953651,20.78859643075221,0.0
0.075025008336112,20.81765667097085,0.0
0.0751917305768589,20.846716911189493,0.0
0.0753584528176058,20.87079238676128,0.0
0.0755251750583527,20.89453030445253,0.0
0.0756918972990997,20.915019111544144,0.0
0.0758586195398466,20.93009905924552,0.0
0.0760253417805935,20.94517900694689,0.0
0.0761920640213404,20.94985364359797,0.0
0.0763587862620873,20.949837917792244,0.0
0.0765255085028342,20.9497,0.0
0.0766922307435811,20.949562676482472,0.0
0.0768589529843281,20.949424337752884,0.0
0.077025675225075,20.949284443487443,0.0
0.0771923974658219,20.94914556752393,0.0
0.0773591197065688,20.94900585481253,0.0
0.0775258419473157,20.948866604626595,0.0
0.0776925641880626,20.948727233586688,0.0
0.0778592864288096,20.94858724025558,0.0
0.0780260086695565,20.94844724692447,0.0
0.0781927309103034,20.94830725359336,0.0
0.0783594531510503,20.94816726026225,0.0
0.0785261753917972,20.94802726693114,0.0
0.0786928976325441,20.947887273600028,0.0
0.0788596198732911,20.94774728026892,0.0
0.079026342114038,20.947607286937806,0.0
0.0791930643547849,20.947467293606696,0.0
0.0793597865955318,20.947327300275585,0.0
0.0795265088362787,20.947187306944475,0.0
0.0796932310770256,20.947047313613364,0.0
0.0798599533177725,20.946907320282254,0.0
0.0800266755585195,20.946767326951147,0.0
0.0801933977992664,20.94662733362004,0.0
0.0803601200400133,20.946487340288925,0.0
0.0805268422807602,20.94634734695781,0.0
0.0806935645215071,20.946207353626704,0.0
0.080860286762254,20.946067360295597,0.0
0.081027009003001,20.94592736696448,0.0
0.0811937312437479,20.94578737363337,0.0
0.0813604534844948,20.945647380302265,0.0
0.0815271757252417,20.94550738697115,0.0
0.0816938979659886,20.94536739364004,0.0
0.0818606202067355,20.94522740030893,0.0
0.0820273424474824,20.94508740697782,0.0
0.0821940646882294,20.94494741364671,0.0
0.0823607869289763,20.9448074203156,0.0
0.0825275091697232,20.944667426984488,0.0
0.0826942314104701,20.944527433653377,0.0
0.082860953651217,20.944387440322267,0.0
0.0830276758919639,20.94424744699116,0.0
0.0831943981327109,20.9441042097876,0.0
0.0833611203734578,20.94396572113643,0.0
0.0835278426142047,20.9438241306751,0.0
0.0836945648549516,20.943685751284555,0.0
0.0838612870956985,20.94394172473925,0.0
0.0840280093364454,20.94813144981437,0.0
0.0841947315771923,20.95844536760392,0.0
0.0843614538179393,20.97500485244401,0.0
0.0845281760586862,20.996531577842585,0.0
0.0846948982994331,21.01910300290361,0.0
0.08486162054018,21.043829499567835,0.0
0.0850283427809269,21.067852894607288,0.0
0.0851950650216738,21.091220744421022,0.0
0.0853617872624208,21.111994536545247,0.0
0.0855285095031677,21.13017190287456,0.0
0.0856952317439146,21.14834926920387,0.0
0.0858619539846615,21.1619164237556,0.0
0.0860286762254084,21.16874419235161,0.0
0.0861953984661553,21.16936678991299,0.0
0.0863621207069023,21.16924,0.0
0.0865288429476492,21.169096062738426,0.0
0.0866955651883961,21.168953040762,0.0
0.086862287429143,21.16880891566693,0.0
0.0870290096698899,21.16867258852746,0.0
0.0871957319106368,21.16853242179416,0.0
0.0873624541513837,21.16839079224132,0.0
0.0875291763921307,21.16824738443872,0.0
0.0876958986328776,21.16810397663612,0.0
0.0878626208736245,21.16796198386129,0.0
0.0880293431143714,21.16782199053018,0.0
0.0881960653551183,21.167681997199068,0.0
0.0883627875958652,21.167540345425717,0.0
0.0885295098366122,21.167396937623117,0.0
0.0886962320773591,21.167253529820517,0.0
0.088862954318106,21.16711202387463,0.0
0.0890296765588529,21.16697203054352,0.0
0.0891963987995998,21.16683203721241,0.0
0.0893631210403467,21.1666913287909,0.0
0.0895298432810936,21.166550197302627,0.0
0.0896965655218406,21.166409065814356,0.0
0.0898632877625875,21.16626793432608,0.0
0.0900300100033344,21.166126802837805,0.0
0.0901967322440813,21.16598567134953,0.0
0.0903634544848282,21.165844539861254,0.0
0.0905301767255751,21.165703408372984,0.0
0.0906968989663221,21.16556227688471,0.0
0.090863621207069,21.165419228386703,0.0
0.0910303434478159,21.165275820584103,0.0
0.0911970656885628,21.165132412781503,0.0
0.0913637879293097,21.16499212390797,0.0
0.0915305101700566,21.164852130576865,0.0
0.0916972324108035,21.16471213724575,0.0
0.0918639546515505,21.164572143914643,0.0
0.0920306768922974,21.164432150583533,0.0
0.0921973991330443,21.16429196596589,0.0
0.0923641213737912,21.16414855816329,0.0
0.0925308436145381,21.16400515036069,0.0
0.092697565855285,21.16386217725909,0.0
0.092864288096032,21.16372218392798,0.0
0.0930310103367789,21.16358219059687,0.0
0.0931977325775258,21.163441419724887,0.0
0.0933644548182727,21.16329851745349,0.0
0.0935311770590196,21.163154828461906,0.0
0.0936978992997665,21.16301971858512,0.0
0.0938646215405135,21.1629291917467,0.0
0.0940313437812604,21.16467505438659,0.0
0.0941980660220073,21.171229853617685,0.0
0.0943647882627542,21.18369126242915,0.0
0.0945315105035011,21.20088877303338,0.0
0.094698232744248,21.219679469698363,0.0
0.0948649549849949,21.24056199211929,0.0
0.0950316772257419,21.260988455343487,0.0
0.0951983994664888,21.28010554246344,0.0
0.0953651217072357,21.297211907804574,0.0
0.0955318439479826,21.31149548130282,0.0
0.0956985661887295,21.325779054801064,0.0
0.0958652884294764,21.33693479276711,0.0
0.0960320106702234,21.340211328997142,0.0
0.0961987329109703,21.340234444090573,0.0
0.0963654551517172,21.340096539595613,0.0
0.0965321773924641,21.339948555434905,0.0
0.096698899633211,21.33980945238707,0.0
0.0968656218739579,21.33966892904253,0.0
0.0970323441147048,21.339527428440856,0.0
0.0971990663554518,21.33938302928103,0.0
0.0973657885961987,21.33924073037578,0.0
0.0975325108369456,21.33909577468162,0.0
0.0976992330776925,21.338951934795443,0.0
0.0978659553184394,21.33880879274654,0.0
0.0980326775591863,21.338665642622843,0.0
0.0981993997999333,21.33852223482024,0.0
0.0983661220406802,21.33837882701764,0.0
0.0985328442814271,21.338235766376584,0.0
0.098699566522174,21.338095773045477,0.0
0.0988662887629209,21.337955779714363,0.0
0.0990330110036678,21.33781519580724,0.0
0.0991997332444147,21.33767178800464,0.0
0.0993664554851617,21.33752838020204,0.0
0.0995331777259086,21.33738538939468,0.0
0.0996998999666555,21.337243688827822,0.0
0.0998666222074024,21.33710198826097,0.0
0.1000333444481493,21.33696028769411,0.0
0.1002000666888962,21.336818587127254,0.0
0.1003667889296432,21.3366768865604,0.0
0.1005335111703901,21.33653452558383,0.0
0.100700233411137,21.33639111778123,0.0
0.1008669556518839,21.336247709978625,0.0
0.1010336778926308,21.336104302176025,0.0
0.1012004001333777,21.335960894373425,0.0
0.1013671223741247,21.335817486570825,0.0
0.1015338446148716,21.335674078768225,0.0
0.1017005668556185,21.33553067096562,0.0
0.1018672890963654,21.33538726316302,0.0
0.1020340113371123,21.335245906423268,0.0
0.1022007335778592,21.33510591309216,0.0
0.1023674558186061,21.334965919761046,0.0
0.1025341780593531,21.334823631952617,0.0
0.1027009003001,21.334680224150016,0.0
0.1028676225408469,21.334536816347416,0.0
0.1030343447815938,21.334393408544816,0.0
0.1032010670223407,21.334250000742216,0.0
0.1033677892630876,21.33410659293961,0.0
0.1035345115038346,21.33396453881218,0.0
0.1037012337445815,21.333827099583942,0.0
0.1038679559853284,21.33368799239497,0.0
0.1040346782260753,21.33420344928996,0.0
0.1042014004668222,21.338259809060386,0.0
0.1043681227075691,21.34750105048304,0.0
0.1045348449483161,21.36124848325661,0.0
0.104701567189063,21.377629086228104,0.0
0.1048682894298099,21.394734829274437,0.0
0.1050350116705568,21.412188473363013,0.0
0.1052017339113037,21.428816954490625,0.0
0.1053684561520506,21.44386307302452,0.0
0.1055351783927976,21.45890919155842,0.0
0.1057019006335445,21.469177856300192,0.0
0.1058686228742914,21.475642934636227,0.0
0.1060353451150383,21.4767,0.0
0.1062020673557852,21.476585872768663,0.0
0.1063687895965321,21.47644,0.0
0.106535511837279,21.476300649960788,0.0
0.106702234078026,21.47615642666617,0.0
0.1068689563187729,21.476016293238125,0.0
0.1070356785595198,21.475869215562582,0.0
0.1072024008002667,21.475722929186947,0.0
0.1073691230410136,21.475581405359865,0.0
0.1075358452817605,21.475439881532782,0.0
0.1077025675225075,21.4752967383946,0.0
0.1078692897632544,21.475153330592,0.0
0.1080360120040013,21.4750099227894,0.0
0.1082027342447482,21.4748665149868,0.0
0.1083694564854951,21.4747231071842,0.0
0.108536178726242,21.4745796993816,0.0
0.108702900966989,21.474436291579,0.0
0.1088696232077359,21.4742928837764,0.0
0.1090363454484828,21.4741494759738,0.0
0.1092030676892297,21.474006068171192,0.0
0.1093697899299766,21.473862660368592,0.0
0.1095365121707235,21.473719252565992,0.0
0.1097032344114704,21.473575844763392,0.0
0.1098699566522174,21.473432436960792,0.0
0.1100366788929643,21.473289029158188,0.0
0.1102034011337112,21.473145621355588,0.0
0.1103701233744581,21.473002213552988,0.0
0.110536845615205,21.472858805750388,0.0
0.1107035678559519,21.472715397947788,0.0
0.1108702900966989,21.472571990145184,0.0
0.1110370123374458,21.472428582342584,0.0
0.1112037345781927,21.472285174539984,0.0
0.1113704568189396,21.47214176673738,0.0
0.1115371790596865,21.47199835893478,0.0
0.1117039013004334,21.47185495113218,0.0
0.1118706235411803,21.47171154332958,0.0
0.1120373457819273,21.47156813552698,0.0
0.1122040680226742,21.471424727724376,0.0
0.1123707902634211,21.471281319921776,0.0
0.112537512504168,21.471137912119172,0.0
0.1127042347449149,21.47099450431657,0.0
0.1128709569856618,21.47085109651397,0.0
0.1130376792264088,21.47070768871137,0.0
0.1132044014671557,21.47056428090877,0.0
0.1133711237079026,21.47042087310617,0.0
0.1135378459486495,21.47027377329677,0.0
0.1137045681893964,21.470134250784483,0.0
0.1138712904301433,21.469990493309783,0.0
0.1140380126708903,21.470055982489924,0.0
0.1142047349116372,21.47246366026389,0.0
0.1143714571523841,21.479353935886017,0.0
0.114538179393131,21.49066418806377,0.0
0.1147049016338779,21.504630077952413,0.0
0.1148716238746248,21.51968581547969,0.0
0.1150383461153717,21.534013507641127,0.0
0.1152050683561187,21.548218978336305,0.0
0.1153717905968656,21.56007165978545,0.0
0.1155385128376125,21.570730771582102,0.0
0.1157052350783594,21.58138988337876,0.0
0.1158719573191063,21.58648984967217,0.0
0.1160386795598532,21.586850876485183,0.0
0.1162054018006002,21.586717705840524,0.0
0.1163721240413471,21.58657,0.0
0.116538846282094,21.586427815783946,0.0
0.1167055685228409,21.586289291988383,0.0
0.1168722907635878,21.58614200958521,0.0
0.1170390130043347,21.585996209386657,0.0
0.1172057352450816,21.58584892212717,0.0
0.1173724574858286,21.58570601817052,0.0
0.1175391797265755,21.58556320317713,0.0
0.1177059019673224,21.58542039941454,0.0
0.1178726242080693,21.58527720479444,0.0
0.1180393464488162,21.58513379699184,0.0
0.1182060686895631,21.58499038918924,0.0
0.1183727909303101,21.584844528562503,0.0
0.118539513171057,21.584697706288416,0.0
0.1187062354118039,21.584550884014327,0.0
0.1188729576525508,21.584406757978837,0.0
0.1190396798932977,21.584263350176236,0.0
0.1192064021340446,21.58411994237363,0.0
0.1193731243747915,21.583975554686678,0.0
0.1195398466155385,21.583831008726907,0.0
0.1197065688562854,21.583686462767144,0.0
0.1198732910970323,21.58354191680738,0.0
0.1200400133377792,21.583397370847617,0.0
0.1202067355785261,21.58325282488785,0.0
0.120373457819273,21.583108278928087,0.0
0.12054018006002,21.582963732968324,0.0
0.1207069023007669,21.582819272150225,0.0
0.1208736245415138,21.58267586434762,0.0
0.1210403467822607,21.58253245654502,0.0
0.1212070690230076,21.58238904874242,0.0
0.1213737912637545,21.58224564093982,0.0
0.1215405135045015,21.58210223313722,0.0
0.1217072357452484,21.58195882533462,0.0
0.1218739579859953,21.581815417532017,0.0
0.1220406802267422,21.581672009729417,0.0
0.1222074024674891,21.581528601926813,0.0
0.122374124708236,21.581385194124213,0.0
0.1225408469489829,21.581241786321613,0.0
0.1227075691897299,21.581097149436133,0.0
0.1228742914304768,21.58095032716204,0.0
0.1230410136712237,21.58080350488795,0.0
0.1232077359119706,21.58065995807761,0.0
0.1233744581527175,21.58051967846113,0.0
0.1235411803934644,21.58036913533448,0.0
0.1237079026342114,21.58023182382062,0.0
0.1238746248749583,21.580082732932876,0.0
0.1240413471157052,21.58001834432556,0.0
0.1242080693564521,21.581508774351963,0.0
0.124374791597199,21.58646878207121,0.0
0.1245415138379459,21.595825123596587,0.0
0.1247082360786928,21.607909413439717,0.0
0.1248749583194398,21.62104323922027,0.0
0.1250416805601867,21.63344572559484,0.0
0.1252084028009336,21.64582186145709,0.0
0.1253751250416805,21.655891252631715,0.0
0.1255418472824274,21.665048106323983,0.0
0.1257085695231743,21.67420496001625,0.0
0.1258752917639213,21.677457952458845,0.0
0.1260420140046682,21.677545763800424,0.0
0.1262087362454151,21.677407493147992,0.0
0.126375458486162,21.67725958735769,0.0
0.1265421807269089,21.67711717436572,0.0
0.1267089029676558,21.67696917630843,0.0
0.1268756252084028,21.67682723376183,0.0
0.1270423474491497,21.67668492349561,0.0
0.1272090696898966,21.67653943238535,0.0
0.1273757919306435,21.67639394127509,0.0
0.1275425141713904,21.67624807000664,0.0
0.1277092364121373,21.676101247732543,0.0
0.1278759586528843,21.67595442545845,0.0
0.1280426808936312,21.67580882171496,0.0
0.1282094031343781,21.675665413912352,0.0
0.128376125375125,21.67552200610975,0.0
0.1285428476158719,21.67537859830715,0.0
0.1287095698566188,21.67523519050455,0.0
0.1288762920973657,21.67509178270195,0.0
0.1290430143381127,21.67494666953981,0.0
0.1292097365788596,21.67479984726572,0.0
0.1293764588196065,21.674653024991628,0.0
0.1295431810603534,21.67450717710454,0.0
0.1297099033011003,21.674362062066194,0.0
0.1298766255418472,21.674216947027848,0.0
0.1300433477825942,21.6740718319895,0.0
0.1302100700233411,21.67392671695116,0.0
0.130376792264088,21.67378160191281,0.0
0.1305435145048349,21.67363770467594,0.0
0.1307102367455818,21.67349429687334,0.0
0.1308769589863287,21.67335088907074,0.0
0.1310436812270757,21.67320748126814,0.0
0.1312104034678226,21.67306407346554,0.0
0.1313771257085695,21.672920665662936,0.0
0.1315438479493164,21.67277433542844,0.0
0.1317105701900633,21.67262751315435,0.0
0.1318772924308102,21.672480690880256,0.0
0.1320440146715571,21.672337034452536,0.0
0.1322107369123041,21.67219362664993,0.0
0.132377459153051,21.67205021884733,0.0
0.1325441813937979,21.67190681104473,0.0
0.1327109036345448,21.67176340324213,0.0
0.1328776258752917,21.67161975723571,0.0
0.1330443481160386,21.671472934961617,0.0
0.1332110703567856,21.671326112687527,0.0
0.1333777925975325,21.671179697960454,0.0
0.1335445148382794,21.67103589348377,0.0
0.1337112370790263,21.670894708338174,0.0
0.1338779593197732,21.6707485151127,0.0
0.1340446815605201,21.67063,0.0
0.1342114038012671,21.67144358093116,0.0
0.134378126042014,21.675210079511555,0.0
0.1345448482827609,21.68290237265284,0.0
0.1347115705235078,21.693520833142102,0.0
0.1348782927642547,21.705060830473307,0.0
0.1350450150050016,21.716902002206176,0.0
0.1352117372457486,21.727836488206783,0.0
0.1353784594864955,21.738024197154846,0.0
0.1355451817272424,21.74722685963974,0.0
0.1357119039679893,21.752683800249656,0.0
0.1358786262087362,21.753991859911,0.0
0.1360453484494831,21.753953089270748,0.0
0.13621207069023,21.75380617324928,0.0
0.136378792930977,21.75365685383435,0.0
0.1365455151717239,21.75351745732422,0.0
0.1367122374124708,21.753365703685787,0.0
0.1368789596532177,21.753224787346383,0.0
0.1370456818939646,21.753080550512877,0.0
0.1372124041347115,21.75293532032487,0.0
0.1373791263754585,21.7527897904406,0.0
0.1375458486162054,21.752644087423946,0.0
0.1377125708569523,21.75249783427259,0.0
0.1378792930976992,21.752351011998496,0.0
0.1380460153384461,21.75220418972441,0.0
0.138212737579193,21.75205928913752,0.0
0.1383794598199399,21.75191588133492,0.0
0.1385461820606869,21.751772473532316,0.0
0.1387129043014338,21.75162690062804,0.0
0.1388796265421807,21.75148007835395,0.0
0.1390463487829276,21.75133325607986,0.0
0.1392130710236745,21.7511880394832,0.0
0.1393797932644214,21.751043493523436,0.0
0.1395465155051684,21.75089894756367,0.0
0.1397132377459153,21.750754401603903,0.0
0.1398799599866622,21.75060985564414,0.0
0.1400466822274091,21.750465309684376,0.0
0.140213404468156,21.75032076372461,0.0
0.1403801267089029,21.75017621776485,0.0
0.1405468489496499,21.75003167180508,0.0
0.1407135711903968,21.749885033338945,0.0
0.1408802934311437,21.74973821106485,0.0
0.1410470156718906,21.74959138879076,0.0
0.1412137379126375,21.749444566516672,0.0
0.1413804601533844,21.74929774424258,0.0
0.1415471823941313,21.749151133085498,0.0
0.1417139046348783,21.749007725282897,0.0
0.1418806268756252,21.748864317480297,0.0
0.1420473491163721,21.748720455146216,0.0
0.142214071357119,21.748573632872123,0.0
0.1423807935978659,21.74842681059803,0.0
0.1425475158386128,21.748280686269894,0.0
0.1427142380793598,21.748137278467293,0.0
0.1428809603201067,21.747993870664693,0.0
0.1430476825608536,21.747849521501667,0.0
0.1432144048016005,21.74770269922757,0.0
0.1433811270423474,21.747555876953484,0.0
0.1435478492830943,21.747410332816667,0.0
0.1437145715238412,21.747266496891864,0.0
0.1438812937645882,21.74712177373524,0.0
0.1440480160053351,21.7469946444276,0.0
0.144214738246082,21.74739301159571,0.0
0.1443814604868289,21.75036462213552,0.0
0.1445481827275758,21.75648877152141,0.0
0.1447149049683227,21.76576699766216,0.0
0.1448816272090697,21.776540195385653,0.0
0.1450483494498166,21.787072514762368,0.0
0.1452150716905635,21.797319699253244,0.0
0.1453817939313104,21.806315858269265,0.0
0.1455485161720573,21.81430053158104,0.0
0.1457152384128042,21.81818066936769,0.0
0.1458819606535511,21.81892,0.0
0.1460486828942981,21.818804984368576,0.0
0.146215405135045,21.81866,0.0
0.1463821273757919,21.818510599979,0.0
0.1465488496165388,21.8183643589726,0.0
0.1467155718572857,21.81821991724259,0.0
0.1468822940980326,21.81807283540693,0.0
0.1470490163387796,21.817926716793995,0.0
0.1472157385795265,21.817781500131087,0.0
0.1473824608202734,21.81763689643204,0.0
0.1475491830610203,21.817492852683262,0.0
0.1477159053017672,21.817349444880666,0.0
0.1478826275425141,21.81720603707806,0.0
0.1480493497832611,21.81706078711535,0.0
0.148216072024008,21.81691396484126,0.0
0.1483827942647549,21.81676714256717,0.0
0.1485495165055018,21.81662032029308,0.0
0.1487162387462487,21.816473498018983,0.0
0.1488829609869956,21.816326675744893,0.0
0.1490496832277425,21.81618218245985,0.0
0.1492164054684895,21.81603877465725,0.0
0.1493831277092364,21.81589536685465,0.0
0.1495498499499833,21.81575024411637,0.0
0.1497165721907302,21.815604559999443,0.0
0.1498832944314771,21.81545887588252,0.0
0.150050016672224,21.815313191765583,0.0
0.150216738912971,21.81516750764866,0.0
0.1503834611537179,21.81502182353173,0.0
0.1505501833944648,21.814876139414803,0.0
0.1507169056352117,21.814730455297877,0.0
0.1508836278759586,21.814584771180947,0.0
0.1510503501167055,21.81443798618171,0.0
0.1512170723574524,21.814291163907612,0.0
0.1513837945981994,21.81414434163353,0.0
0.1515505168389463,21.813997519359432,0.0
0.1517172390796932,21.813850697085343,0.0
0.1518839613204401,21.81370424981564,0.0
0.152050683561187,21.81356084201304,0.0
0.1522174058019339,21.81341743421044,0.0
0.1523841280426809,21.813273407988977,0.0
0.1525508502834278,21.813126585714887,0.0
0.1527175725241747,21.812979763440797,0.0
0.1528842947649216,21.8128329411667,0.0
0.1530510170056685,21.81268611889261,0.0
0.1532177392464154,21.81253929661852,0.0
0.1533844614871623,21.81239350535972,0.0
0.1535511837279093,21.81225042736288,0.0
0.1537179059686562,21.812100502416083,0.0
0.1538846282094031,21.811956281723248,0.0
0.15405135045015,21.811816465127173,0.0
0.1542180726908969,21.81199733314472,0.0
0.1543847949316438,21.81434026339976,0.0
0.1545515171723908,21.8194983330933,0.0
0.1547182394131377,21.827649414487947,0.0
0.1548849616538846,21.83727386583461,0.0
0.1550516838946315,21.846769258855826,0.0
0.1552184061353784,21.856060815319697,0.0
0.1553851283761253,21.86417005998416,0.0
0.1555518506168723,21.870857785798,0.0
0.1557185728576192,21.87385331537193,0.0
0.1558852950983661,21.874254036661505,0.0
0.156052017339113,21.87412832493616,0.0
0.1562187395798599,21.87398222473989,0.0
0.1563854618206068,21.87384,0.0
0.1565521840613537,21.873690834827308,0.0
0.1567189063021007,21.873545276816625,0.0
0.1568856285428476,21.87339971880594,0.0
0.1570523507835945,21.87325416079525,0.0
0.1572190730243414,21.87310860278456,0.0
0.1573857952650883,21.87296304477388,0.0
0.1575525175058352,21.872814179458697,0.0
0.1577192397465822,21.872663383466005,0.0
0.1578859619873291,21.872518796446247,0.0
0.158052684228076,21.872374209426493,0.0
0.1582194064688229,21.87222962240673,0.0
0.1583861287095698,21.87208503538698,0.0
0.1585528509503167,21.871940448367223,0.0
0.1587195731910636,21.871788801418383,0.0
0.1588862954318106,21.87164127432771,0.0
0.1590530176725575,21.87149670059728,0.0
0.1592197399133044,21.87135215794012,0.0
0.1593864621540513,21.87120761528296,0.0
0.1595531843947982,21.8710630726258,0.0
0.1597199066355451,21.87091852996864,0.0
0.1598866288762921,21.870767510516785,0.0
0.160053351117039,21.87061944465432,0.0
0.1602200733577859,21.87047490199716,0.0
0.1603867955985328,21.87033035934,0.0
0.1605535178392797,21.87018581668284,0.0
0.1607202400800266,21.870040615207827,0.0
0.1608869623207735,21.869890987246094,0.0
0.1610536845615205,21.869741793520863,0.0
0.1612204068022674,21.869595651150764,0.0
0.1613871290430143,21.86944950878066,0.0
0.1615538512837612,21.86930442611948,0.0
0.1617205735245081,21.86916101831688,0.0
0.161887295765255,21.86901761051428,0.0
0.162054018006002,21.86887263610957,0.0
0.1622207402467489,21.86872581383548,0.0
0.1623874624874958,21.86857899156139,0.0
0.1625541847282427,21.8684321692873,0.0
0.1627209069689896,21.86828534701321,0.0
0.1628876292097365,21.86813852473912,0.0
0.1630543514504835,21.867991702465023,0.0
0.1632210736912304,21.867844880190933,0.0
0.1633877959319773,21.867698057916844,0.0
0.1635545181727242,21.86755316953332,0.0
0.1637212404134711,21.867407448467368,0.0
0.163887962654218,21.86726387257959,0.0
0.1640546848949649,21.867121558928,0.0
0.1642214071357119,21.86715979561685,0.0
0.1643881293764588,21.86891039802788,0.0
0.1645548516172057,21.8733196976536,0.0
0.1647215738579526,21.88068206703449,0.0
0.1648882960986995,21.88922834309799,0.0
0.1650550183394464,21.89759527575856,0.0
0.1652217405801934,21.90528906927595,0.0
0.1653884628209403,21.911869283187823,0.0
0.1655551850616872,21.918449497099704,0.0
0.1657219073024341,21.921160083101608,0.0
0.165888629543181,21.921370906668525,0.0
0.1660553517839279,21.921229015758627,0.0
0.1662220740246748,21.92109,0.0
0.1663887962654218,21.92094004319033,0.0
0.1665555185061687,21.92079725580528,0.0
