time,V(n001),I(R2)
0.0,6.342839e-26,3.3383360000000004e-27
0.0001667222407469,6.209011933872094e-06,3.267900866133317e-07
0.0003334444814938,0.0066904719351433,0.0003521301029447
0.0005001667222407,0.0407885587381999,0.0021467664997747
0.0006668889629876,0.1092000251231123,0.0057473698004191
0.0008336112037345,0.2079336573084716,0.0109438760681225
0.0010003334444814,0.3264509506247152,0.0171816273099126
0.0011670556852284,0.4489324447893772,0.0236280209245874
0.0013337779259753,0.6210507967733719,0.0326868835321232
0.0015005001667222,0.7931691487573667,0.0417457461396591
0.0016672224074691,0.9733359767132332,0.0512282116755276
0.001833944648216,1.2008668304644836,0.0632035143764279
0.0020006668889629,1.4283976842157338,0.0751788170773282
0.0021673891297099,1.6662187960958184,0.0876957163583194
0.0023341113704568,1.94127188845994,0.1021722082022674
0.0025008336112037,2.2163249808240613,0.1166487000462154
0.0026675558519506,2.50174412641851,0.1316707703287474
0.0028342780926975,2.812812381170094,0.1480427855338158
0.0030010003334444,3.1238806359216778,0.1644148007388841
0.0031677225741913,3.443546277660455,0.1812393145134289
0.0033344448149383,3.778555099267657,0.1988713721326353
0.0035011670556852,4.113563920874858,0.2165034297518417
0.0036678892964321,4.453572609368802,0.2343986189230059
0.003834611537179,4.800198145880973,0.2526420376625858
0.0040013337779259,5.146823682393143,0.2708854564021657
0.0041680560186728,5.49375670467408,0.2891450631111876
0.0043347782594198,5.840995138818796,0.3074207486063526
0.0045015005001667,6.188233572963511,0.3256964341015176
0.0046682227409136,6.530477834715271,0.3437092971222574
0.0048349449816605,6.8690001459031125,0.3615262894000733
0.0050016672224074,7.198000791882212,0.3788421446586167
0.0051683894631543,7.5190136070171425,0.3957375904980154
0.0053351117039013,7.829334121494793,0.412070268784604
0.0055018339446482,8.1242074145908,0.4275899139127261
0.0056685561853951,8.419080707686806,0.4431095590408482
0.005835278426142,8.691854749425968,0.4574660835506193
0.0060020006668889,8.950195369632704,0.4710629529070714
0.0061687229076358,9.20853598983944,0.4846598222635236
0.0063354451483827,9.434998488008594,0.4965788920776485
0.0065021673891297,9.646196524687486,0.5076945674361013
0.0066688896298766,9.85739456136638,0.5188102427945541
0.0068356118706235,10.027370107834662,0.5277563335548353
0.0070023341113704,10.183420674023392,0.5359695374227913
0.0071690563521173,10.33947124021212,0.5441827412907473
0.0073357785928642,10.445638670173263,0.5497704315932648
0.0075025008336112,10.540765845898507,0.5547770369950654
0.0076692230743581,10.63589302162375,0.559783642396866
0.007835945315105,10.68575841525572,0.5624082678784864
0.0080026675558519,10.730033867072994,0.5647387129601803
0.0081693897965988,10.774309318890266,0.5670691580418742
0.0083361120373457,10.775156101713254,0.5671135265439882
0.0085028342780926,10.760323446936042,0.5663329075927015
0.0086695565188396,10.745514988078927,0.5655532700215767
0.0088362787595865,10.730715651414316,0.5647746137379515
0.0090030010003334,10.715943362246104,0.56399708030411
0.0091697232410803,10.701187773425438,0.5632204518573969
0.0093364454818272,10.686454992044796,0.5624450721762977
0.0095031677225741,10.67174930053077,0.5616707837607893
0.0096698899633211,10.657056507350005,0.5608974993476041
0.009836612204068,10.642381021326788,0.560125233717507
0.0100033344448149,10.627727825435173,0.5593540367002385
0.0101700566855618,10.613090768374368,0.5585838887069727
0.0103367789263087,10.5984791003565,0.5578149255357107
0.0105035011670556,10.583890497198066,0.5570469656529801
0.0106702234078026,10.569318807598275,0.5562800667604996
0.0108369456485495,10.554770617438969,0.5555143763373849
0.0110036678892964,10.540236382875271,0.5547493265146631
0.0111703901300433,10.525727296050109,0.5539855391956335
0.0113371123707902,10.511234385193765,0.5532226330474523
0.0115038346115371,10.49676075313577,0.5524609168772662
0.011670556852284,10.482451826961311,0.5517080861586928
0.011837279093031,10.478372219003768,0.5514930406627909
0.0120040013337779,10.499455314276462,0.5526029325228249
0.0121707235745248,10.54189375128064,0.5548367477186623
0.0123374458152717,10.616542004502335,0.5587653794460619
0.0125041680560186,10.691190257724031,0.5626940111734614
0.0126708902967655,10.798371523184272,0.5683351059080688
0.0128376125375125,10.910434477502378,0.5742331615266082
0.0130043347782594,11.022497431820485,0.5801312171451477
0.0131710570190063,11.16798201128746,0.5877884375430052
0.0133377792597532,11.315569126992695,0.5955563260391706
0.0135045015005001,11.463475810872628,0.6033410322599416
0.013671223741247,11.637467034613874,0.6124984740738795
0.0138379459819939,11.811458258355122,0.6216559158878175
0.0140046682227409,11.98658872573056,0.6308733153453576
0.0141713904634878,12.174241249905286,0.6407497424210495
0.0143381127042347,12.36189377408001,0.6506261694967413
0.0145048349449816,12.549910163972154,0.6605217435365859
0.0146715571857285,12.739915048745358,0.6705219540903491
0.0148382794264754,12.928284192947377,0.6804360847960608
0.0150050016672224,13.111243075290847,0.6900655037773659
0.0151717239079693,13.29420195763432,0.6996949227586712
0.0153384461487162,13.465754742033214,0.708723969498646
0.0155051683894631,13.631888398229597,0.7174677745932476
0.01567189063021,13.797217332909824,0.7261692270342223
0.0158386128709569,13.936244368588383,0.7334864052936421
0.0160053351117039,14.075271404266942,0.7408035835530618
0.0161720573524508,14.210566187755752,0.7479243436369639
0.0163387795931977,14.312631569549684,0.7532963316329626
0.0165055018339446,14.414696951343617,0.7586683196289613
0.0166722240746915,14.508980509659368,0.763630711963791
0.0168389463154384,14.565872433634024,0.7666249985926673
0.0170056685561853,14.622764357608684,0.7696192852215435
0.0171723907969323,14.670461172624814,0.7721296165588927
0.0173391130376792,14.689599285329049,0.7731368515038743
0.0175058352784261,14.708737398033282,0.774144086448856
0.017672557519173,14.718577362782762,0.7746617975274505
0.0178392797599199,14.69833268808778,0.773596234404389
0.0180060020006668,14.67808927615131,0.7725311991191264
0.0181727242414138,14.6578863331573,0.7714676532623381
0.0183394464821607,14.63770289196071,0.7704055213946263
0.0185061687229076,14.617548518665055,0.7693449155813767
0.0186728909636545,14.59743392317206,0.7682859668165325
0.0188396132044014,14.577342967504856,0.7672285320783614
0.0190063354451483,14.55727381219879,0.7661723988979797
0.0191730576858952,14.537250030454077,0.7651183772169916
0.0193397799266422,14.517276271139728,0.7640670452363034
0.0195065021673891,14.49738491551395,0.7630201440924269
0.019673224408136,14.47749355988817,0.7619732429485503
0.0198399466488829,14.457602204262392,0.7609263418046737
0.0200066688896298,14.437710848636613,0.759879440660797
0.0201733911303767,14.417819493010835,0.7588325395169204
0.0203401133711237,14.397928137385057,0.7577856383730438
0.0205068356118706,14.378036781759278,0.7567387372291673
0.0206735578526175,14.3581454261335,0.7556918360852907
0.0208402800933644,14.338382809970424,0.7546516455497062
0.0210070023341113,14.318647164755353,0.7536128608881524
0.0211737245748582,14.29891151954028,0.7525740762265986
0.0213404468156052,14.279234137022064,0.7515384193519286
0.0215071690563521,14.259563366765311,0.7505031174512949
0.021673891297099,14.23989259650856,0.7494678155506614
0.0218406135378459,14.220268256525843,0.748435212663414
0.0220073357785928,14.200681580796807,0.7474043680546578
0.0221740580193397,14.181129782347025,0.7463753597028957
0.0223407802600866,14.16347052996992,0.745445672571261
0.0225075025008336,14.16115987943704,0.7453242273467788
0.0226742247415805,14.180479950811613,0.7463411658719855
0.0228409469823274,14.22170549392152,0.7485109433592894
0.0230076692230743,14.270150913057003,0.7510607080248661
0.0231743914638212,14.346706778345432,0.7550898526730823
0.0233411137045681,14.423262643633862,0.7591189973212984
0.0235078359453151,14.502462277895477,0.7632873099682629
0.023674558186062,14.605480297235257,0.7687094224057419
0.0238412804268089,14.708498316575035,0.7741315348432212
0.0240080026675558,14.814636642206064,0.7797178462385894
0.0241747249083027,14.935881110362114,0.7860990837177491
0.0243414471490496,15.057125578518168,0.7924803211969087
0.0245081693897965,15.179954298827523,0.7989449785476087
0.0246748916305435,15.307732151500982,0.8056702358193428
0.0248416138712904,15.434610589532712,0.8123480973651146
0.0250083361120373,15.559145630184569,0.8189024707944106
0.0251750583527842,15.683680670836424,0.8254568442237067
0.0253417805935311,15.798800227683085,0.831515712939387
0.025508502834278,15.91002371486474,0.8373695448323687
0.025675225075025,16.01972603421782,0.8431433266987295
0.0258419473157719,16.107539412010418,0.8477652235976958
0.0260086695565188,16.195352789803014,0.8523871204966621
0.0261753917972657,16.27865291517795,0.8567714388577952
0.0263421140380126,16.333345919512727,0.8596498724689989
0.0265088362787595,16.388038923847507,0.8625283060802027
0.0266755585195065,16.436047486515704,0.8650549560660398
0.0268422807602534,16.458535195752116,0.8662385143187907
0.0270090030010003,16.481022904988528,0.8674220725715417
0.0271757252417472,16.496458893748624,0.8682344932972762
0.0273424474824941,16.483931713310987,0.8675752521185555
0.027509169723241,16.46125401250506,0.8663819498896895
0.0276758919639879,16.43859736770463,0.865189255137518
0.0278426142047349,16.415963117986806,0.8639980446919696
0.0280093364454818,16.39335999825675,0.8628086333705228
0.0281760586862287,16.37079676296245,0.8616207836586297
0.0283427809269756,16.348261756300825,0.8604346243457578
0.0285095031677225,16.32575671859258,0.8592504216700507
0.0286762254084694,16.303285992139713,0.8580678527966388
0.0288429476492164,16.28085382958245,0.8568870013761217
0.0290096698899633,16.258457747069777,0.8557082925418317
0.0291763921307102,16.23608091230869,0.8545307267207481
0.0293431143714571,16.213746246637537,0.8533553371769781
0.029509836612204,16.19153624774902,0.8521863814806349
0.0296765588529509,16.1693262488605,0.8510174257842916
0.0298432810936978,16.147116249971983,0.8498484700879484
0.0300100033344448,16.124906251083466,0.8486795143916052
0.0301767255751917,16.102696252194946,0.8475105586952619
0.0303434478159386,16.080486253306425,0.8463416029989187
0.0305101700566855,16.05827625441791,0.8451726473025755
0.0306768922974324,16.03606625552939,0.8440036916062322
0.0308436145381793,16.0139401692908,0.8428390749374203
0.0310103367789263,15.991909999234116,0.8416794179851028
0.0311770590196732,15.969879829177431,0.8405197610327854
0.0313437812604201,15.947895576436617,0.8393626387163039
0.031510503501167,15.925950768167192,0.8382076937346433
0.0316772257419139,15.904005959897768,0.8370527487529829
0.0318439479826608,15.882104833877577,0.8359001334912812
0.0320106702234078,15.860231729509454,0.8347490127176901
0.0321773924641547,15.838358625141332,0.8335978919440988
0.0323441147049016,15.816523621720766,0.832448659431854
0.0325108369456485,15.794745783914328,0.8313026477111727
0.0326775591863954,15.77686219915191,0.830361140215822
0.0328442814271423,15.775045064289218,0.8302655359669278
0.0330110036678892,15.792823477818564,0.8312012778967751
0.0331777259086362,15.829272155862904,0.8331195660993561
0.0333444481493831,15.871129084129914,0.8353224440800487
0.03351117039013,15.934583301801103,0.8386621535154168
0.0336778926308769,16.00078307505886,0.8421463826584644
0.0338446148716238,16.06698284831661,0.8456306118015121
0.0340113371123707,16.152269463384847,0.8501194529065191
0.0341780593531177,16.23838243437518,0.8546517882182898
0.0343447815938646,16.324826896590245,0.8592015626667676
0.0345115038346115,16.42206703469541,0.8643192775421543
0.0346782260753584,16.519307172800566,0.8694369924175408
0.0348449483161053,16.616566489613504,0.87455585031983
0.0350116705568522,16.713839532247178,0.8796755262638009
0.0351783927975992,16.811112574880852,0.8847952022077717
0.0353451150383461,16.899261866555072,0.8894347648945089
0.035511837279093,16.985593797683322,0.8939786937903662
0.0356785595198399,17.066474485319684,0.8982356461368275
0.0358452817605868,17.131707963145626,0.9016688630758072
0.0360120040013337,17.196941440971568,0.9051020800147868
0.0361787262420806,17.252174934573638,0.9080090258344476
0.0363454484828276,17.287074247678007,0.9098458407727604
0.0365121707235745,17.321973560782375,0.9116826557110732
0.0366788929643214,17.345696098384213,0.912931211381174
0.0368456152050683,17.352719666240166,0.913300862064735
0.0370123374458152,17.359743234096115,0.9136705127482962
0.0371790596865621,17.35495212684816,0.9134182945780734
0.0373457819273091,17.331064160727603,0.9121612242988758
0.037512504168056,17.307201248825315,0.9109053325200234
0.0376792264088029,17.283369413055965,0.909651231404524
0.0378459486495498,17.25957758344435,0.908398994221504
0.0380126708902967,17.235815670727114,0.9071483079243446
0.0381793931310436,17.21208367490425,0.9058993468897534
0.0383461153717905,17.188392521098486,0.9046520271249608
0.0385128376125375,17.164732293511324,0.9034069356669182
0.0386795598532844,17.141113757400127,0.9021637396493352
0.0388462820940313,17.117506326782465,0.9009211550681594
0.0390130043347782,17.093970932952885,0.8996825366245326
0.0391797265755251,17.070435539123302,0.8984439181809056
0.039346448816272,17.046900145293723,0.8972052997372788
0.039513171057019,17.023524835540982,0.8959750443289659
0.0396798932977659,17.000154578715648,0.8947450528932551
0.0398466155385128,16.97678432189031,0.8935150614575442
0.0400133377792597,16.953414065064973,0.8922850700218334
0.0401800600200066,16.930043808239635,0.8910550785861225
0.0403467822607535,16.9066735514143,0.8898250871504116
0.0405135045015005,16.88334716253791,0.8885973751909566
0.0406802267422474,16.86012534193104,0.8873750968315034
0.0408469489829943,16.83690352132417,0.8861528184720503
0.0410136712237412,16.81371551840303,0.8849323311974338
0.0411803934644881,16.790585888526405,0.883714935532212
0.041347115705235,16.76745625864978,0.8824975398669903
0.0415138379459819,16.744367018649612,0.8812823132877265
0.0416805601867289,16.72132957950323,0.880069868606166
0.0418472824274758,16.69829214035685,0.8788574239246054
0.0420140046682227,16.675292966598544,0.8776469968725982
0.0421807269089696,16.652330645824954,0.8764385129779667
0.0423474491497165,16.629368325051363,0.8752300290833351
0.0425141713904634,16.606439329066017,0.8740233018642816
0.0426808936312104,16.583594672399833,0.8728208570633055
0.0428476158719573,16.5653125308498,0.8718585455276967
0.0430143381127042,16.56253372913179,0.8717122054686579
0.0431810603534511,16.5782449728173,0.8725389349426552
0.043347782594198,16.610485614084816,0.8742358217748079
0.0435145048349449,16.647264938009148,0.8761716366936837
0.0436812270756918,16.705115549984193,0.8792164443039502
0.0438479493164388,16.76373519653304,0.8823017265980483
0.0440146715571857,16.822957711327625,0.8854187413931887
0.0441813937979326,16.89828778135097,0.8893835915432388
0.0443481160386795,16.97361785137431,0.8933484416932888
0.0445148382794264,17.049880591837198,0.8973623588530767
0.0446815605201733,17.133897458636284,0.9017842140972248
0.0448482827609203,17.21766326548786,0.906192869256782
0.0450150050016672,17.30068490032104,0.9105623977707306
0.0451817272424141,17.383706535154225,0.9149319262846792
0.045348449483161,17.458793427577202,0.9188838679378832
0.0455151717239079,17.530840959967918,0.9226758552095924
0.0456818939646548,17.60152338230058,0.9263959863905769
0.0458486162054017,17.652726796772072,0.9290907897250216
0.0460153384461487,17.703930211243563,0.9317855930594664
0.0461820606868956,17.751641620548913,0.9342966329496526
0.0463487829276425,17.77731503168596,0.9356479441867316
0.0465155051683894,17.802988442823004,0.9369992554238108
0.0466822274091363,17.823788755239402,0.9380940741888336
0.0468489496498832,17.826041633373816,0.9382126604697636
0.0470156718906302,17.815563117425363,0.9376610146852852
0.0471823941313771,17.791311569344558,0.9363846582874206
0.047349116372124,17.766809698528423,0.9350953987759368
0.0475158386128709,17.742353365334967,0.93380806588709
0.0476825608536178,17.71792831496157,0.932522399638795
0.0478492830943647,17.6935322076894,0.9312385861732988
0.0480160053351117,17.669172226701715,0.929956446270593
0.0481827275758586,17.644854654697326,0.9286763734470764
0.0483494498166055,17.62056534598167,0.9273980264641792
0.0485161720573524,17.596310473650636,0.9261215945954004
0.0486828942980993,17.57208589949863,0.9248467516479882
0.0488496165388462,17.547916788501666,0.9235744395789386
0.0490163387795931,17.52377173600263,0.9223035334515792
0.0491830610203401,17.499668683992617,0.9210350817683296
0.049349783261087,17.4755656319826,0.9197666300850802
0.0495165055018339,17.451550666836628,0.918502723977889
0.0496832277425808,17.427582784209086,0.917241247485725
0.0498499499833277,17.40361490158154,0.915979770993561
0.0500166722240746,17.379647018954,0.9147182945013967
0.0501833944648216,17.355679136326458,0.9134568180092328
0.0503501167055685,17.331711253698913,0.9121953415170688
0.0505168389463154,17.307858629527026,0.910939912703872
0.0506835611870623,17.28403586193783,0.9096860504831316
0.0508502834278092,17.260213094348636,0.9084321882623916
0.0510170056685561,17.23647307734719,0.907182670447508
0.051183727909303,17.212745914959726,0.9059338274998588
0.05135045015005,17.189018752572263,0.9046849845522096
0.0515171723907969,17.165377957585147,0.9034408438296904
0.0516838946315438,17.14174298592793,0.9021970201551324
0.0518506168722907,17.118108707660372,0.9009532308727012
0.0520173391130376,17.094559097790416,0.8997136411427913
0.0521840613537845,17.07100948792046,0.8984740514128814
0.0523507835945315,17.047464328012847,0.8972347146350996
0.0525175058352784,17.023970754529817,0.8959983102182851
0.0526842280760253,17.00052772893821,0.8947644773603612
0.0528509503167722,16.978220522836814,0.8935906342704775
0.0530176725575191,16.966142211234473,0.8929545960403649
0.053184394798266,16.973087302048263,0.8933204649781249
0.053351117039013,16.993612318445766,0.8944006588507022
0.0535178392797599,17.026571285753022,0.8961353113183618
0.0536845615205068,17.07186001552763,0.898518912307905
0.0538512837612537,17.125436487685015,0.901338719443617
0.0540180060020006,17.179012959842403,0.9041585265793288
0.0541847282427475,17.243028912299007,0.9075278233479532
0.0543514504834945,17.312202690224982,0.9111686060088402
0.0545181727242414,17.381376468150957,0.9148093886697272
0.0546848949649883,17.456321805429422,0.9187537851505708
0.0548516172057352,17.533288646936164,0.9228045231906576
0.0550183394464821,17.60875474507253,0.9267764748025314
0.055185061687229,17.683730953148526,0.930722708034544
0.0553517839279759,17.75237070883496,0.9343353846215984
0.0555185061687229,17.815826163330545,0.9376751548557982
0.0556852284094698,17.87928161782613,0.941014925089998
0.0558519506502167,17.926337668939183,0.9434915781609808
0.0560186728909636,17.968537122090233,0.9457126235761192
0.0561853951317105,18.010736575241285,0.9479336689912574
0.0563521173724574,18.03245225218903,0.9490765966883844
0.0565188396132044,18.050347497270725,0.9500184445043228
0.0566855618539513,18.06824274235242,0.9509602923202616
0.0568522840946982,18.066615981535897,0.9508743864190846
0.0570190063354451,18.047388083793216,0.949862642483836
0.057185728576192,18.02256212018568,0.9485559123698408
0.0573524508169389,17.997748072621174,0.9472499770647276
0.0575191730576858,17.972970270032853,0.9459458863978564
0.0576858952984328,17.94823263338712,0.9446435918325804
0.0578526175391797,17.923523877527835,0.9433433198903796
0.0580193397799266,17.898857191370574,0.9420450445282628
0.0581860620206735,17.874219760899493,0.9407485054983288
0.0583527842614204,17.84963178495117,0.939454363378792
0.0585195065021673,17.82507560252264,0.9381618849239736
0.0586862287429143,17.800563111692366,0.9368716927265744
0.0588529509836612,17.776050620862087,0.9355815005291752
0.0590196732244081,17.75158016886023,0.9342936120595732
0.059186395465155,17.727153039817214,0.933008097688116
0.0593531177059019,17.702725910774202,0.931722583316659
0.0595198399466488,17.678383480305946,0.9304414482465104
0.0596865621873957,17.654106588008514,0.9291637017976944
0.0598532844281427,17.62982969571108,0.927885955348878
0.0600200066688896,17.605552803413648,0.9266082089000616
0.0601867289096365,17.581275911116215,0.9253304624512454
0.0603534511503834,17.556999018818782,0.9240527160024292
0.0605201733911303,17.532825833773046,0.9227804081548356
0.0606868956318772,17.508695763749706,0.9215103613392304
0.0608536178726242,17.484565693726363,0.9202403145236252
0.0610203401133711,17.46050996961166,0.918974250524554
0.061187062354118,17.436475504790053,0.9177093254161846
0.0613537845948649,17.412441039968446,0.9164444003078152
0.0615205068356118,17.388490635286168,0.9151838231376868
0.0616872290763587,17.364555190137782,0.913924019736553
0.0618539513171057,17.3406197449894,0.9126642163354192
0.0620206735578526,17.316756566760226,0.9114083404842428
0.0621873957985995,17.29289965445613,0.910152805172472
0.0623541180393464,17.269042742152028,0.9088972698607016
0.0625208402800933,17.245251675794705,0.907644912041266
0.0626875625208402,17.221504945399584,0.9063947916085991
0.0628542847615871,17.198039666256108,0.905160081749538
0.0630210070023341,17.181976072996882,0.9043145383943808
0.063187729243081,17.182362067050484,0.9043348224526606
0.0633544514838279,17.20016238157531,0.9052717278486716
0.0635211737245748,17.22975541301925,0.9068292258751842
0.0636878959653217,17.27059336905305,0.9089785530326744
0.0638546182060686,17.311467143687945,0.9111297653427406
0.0640213404468156,17.37029165852622,0.9142257349326036
0.0641880626875625,17.429116173364502,0.9173217045224668
0.0643547849283094,17.48878128418781,0.920461934149988
0.0645215071690563,17.55907674024666,0.9241618850809884
0.0646882294098032,17.62937219630551,0.9278618360119888
0.0648549516505501,17.70073487611025,0.9316177379247575
0.0650216738912971,17.772706492020458,0.9354055643267132
0.065188396132044,17.844678107930665,0.9391933907286684
0.0653551183727909,17.908315447665583,0.942542782432313
0.0655218406135378,17.970939488303923,0.9458388683089892
0.0656885628542847,18.027447772853208,0.9488130629023072
0.0658552850950316,18.07063400826501,0.9510860765735308
0.0660220073357785,18.113820243676813,0.9533590902447544
0.0661887295765255,18.14803810016095,0.955160045134455
0.0663554518172724,18.167985442608437,0.9562098585389232
0.0665221740580193,18.18793278505592,0.9572596719433912
0.0666888962987662,18.19809989785909,0.9577948079652612
0.0668556185395131,18.19358889889336,0.9575573326078942
0.06702234078026,18.17153199464255,0.9563965298685874
0.067189063021007,18.1465200973698,0.95507990486849
0.0673557852617539,18.121537583783105,0.953765079276167
0.0675225075025008,18.09658610655613,0.9524518957989756
0.0676892297432477,18.071673037054456,0.9511405627038914
0.0678559519839946,18.04678991535976,0.9498311877966316
0.0680226742247415,18.021946985629917,0.948523539159492
0.0681893964654885,17.997136925958582,0.9472178473754858
0.0683561187062354,17.972366362497358,0.9459140861430034
0.0685228409469823,17.947630356370336,0.944612207375244
0.0686895631877292,17.922925183589125,0.9433121379275066
0.0688562854284761,17.898274960259556,0.9420146519692189
0.069023007669223,17.873645669899652,0.9407181501901116
0.0691897299099699,17.849068355513744,0.9394244773512292
0.0693564521507169,17.824564400862194,0.9381347973245536
0.0695231743914638,17.80006044621064,0.936845117297878
0.0696898966322107,17.77555649155909,0.9355554372712024
0.0698566188729576,17.75105253690754,0.9342657572445268
0.0700233411137045,17.726548582255987,0.9329760772178513
0.0701900633544514,17.702125496179203,0.9316906594407636
0.0703567855951984,17.677766656566,0.9304086278302266
0.0705235078359453,17.653407816952797,0.9291265962196896
0.0706902300766922,17.629111217269106,0.9278478053778966
0.0708569523174391,17.604851397329124,0.9265709296193104
0.071023674558186,17.580591577389146,0.9252940538607242
0.0711903967989329,17.556398666779415,0.9240207864267336
0.0713571190396799,17.53223445204117,0.922749066520098
0.0715238412804268,17.508070237302924,0.9214773466134624
0.0716905635211737,17.48398238053354,0.9202095499266064
0.0718572857619206,17.459917185468516,0.9189429175824916
0.0720240080026675,17.435851990403496,0.917676285238377
0.0721907302434144,17.411852953639723,0.9164131909251552
0.0723574524841613,17.387866291418984,0.9151507583809738
0.0725241747249083,17.36387962919824,0.9138883258367924
0.0726908969656552,17.339948162371797,0.9126289388477772
0.0728576192064021,17.31616126639432,0.9113771142717304
0.073024341447149,17.298277639890408,0.910435552610593
0.0731910636878959,17.29526978944674,0.91027758875044
0.0733577859286428,17.309713474886095,0.9110374523744424
0.0735245081693898,17.338562726270574,0.9125558047074191
0.0736912304101367,17.371618583421938,0.9142956453636236
0.0738579526508836,17.421727147355668,0.9169330470807588
0.0740246748916305,17.473920758559405,0.9196801942631528
0.0741913971323774,17.526114369763135,0.9224273414455468
0.0743581193731243,17.591356215457218,0.9258610077999552
0.0745248416138712,17.657108692949713,0.9293215405108588
0.0746915638546182,17.723042080866627,0.9327915973532436
0.0748582860953651,17.794174201819636,0.936535344432836
0.075025008336112,17.865306322772643,0.9402790915124284
0.0751917305768589,17.93238736248412,0.9438097294787788
0.0753584528176058,17.998888771440967,0.9473098756853342
0.0755251750583527,18.052948320527356,0.9501551253769104
0.0756918972990997,18.105664345869133,0.9529296566206582
0.0758586195398466,18.158380371210917,0.955704187864406
0.0760253417805935,18.18846901274927,0.9572877639197818
0.0761920640213404,18.217949559598217,0.9588393339097784
0.0763587862620873,18.246349260161168,0.9603340208207212
0.0765255085028342,18.25187387503279,0.9606248313575668
0.0766922307435811,18.25739848990441,0.9609156418944124
0.0768589529843281,18.26074465968318,0.961091792614904
0.077025675225075,18.23980230135814,0.9599897648307868
0.0771923974658219,18.21468977203465,0.9586681840424254
0.0773591197065688,18.18961437263413,0.9573482891405825
0.0775258419473157,18.16457942378071,0.956030488928762
0.0776925641880626,18.139581802446543,0.9547149508051368
0.0778592864288096,18.11462734024924,0.9534014922215028
0.0780260086695565,18.08971716351255,0.9520903955291014
0.0781927309103034,18.06480698677586,0.9507792988367
0.0783594531510503,18.039965892755955,0.9494718881785598
0.0785261753917972,18.015135856077062,0.9481650675050018
0.0786928976325441,17.990305819398166,0.946858246831444
0.0788596198732911,17.96556501237877,0.9455561425827452
0.079026342114038,17.94083058090161,0.9442543753269932
0.0791930643547849,17.9160970662223,0.94295265605906
0.0793597865955318,17.891561812248753,0.9416613143229258
0.0795265088362787,17.867026558275203,0.9403699725867914
0.0796932310770256,17.842491304301657,0.9390786308506572
0.0798599533177725,17.81795605032811,0.9377872891145228
0.0800266755585195,17.793420796354564,0.9364959473783888
0.0801933977992664,17.768885542381017,0.9352046056422544
0.0803601200400133,17.74435028840747,0.93391326390612
0.0805268422807602,17.719815034433925,0.932621922169986
0.0806935645215071,17.6953227974841,0.9313328531251626
0.080860286762254,17.670984444699837,0.9300519141455028
0.081027009003001,17.646646091915574,0.9287709751658428
0.0811937312437479,17.622336430989503,0.9274915301415578
0.0813604534844948,17.598097097878465,0.9262157470138486
0.0815271757252417,17.573857764767432,0.9249399638861392
0.0816938979659886,17.549650484167586,0.923665882007101
0.0818606202067355,17.525499927315302,0.9223948108500486
0.0820273424474824,17.501349370463014,0.9211237396929962
0.0821940646882294,17.477230528518152,0.9198543330799028
0.0823607869289763,17.453153328528415,0.9185871120278114
0.0825275091697232,17.429100380098618,0.9173211511303868
0.0826942314104701,17.405088451905776,0.9160574867670532
0.082860953651217,17.38118803276339,0.9147993072587176
0.0830276758919639,17.362535821957987,0.9138175726713352
0.0831943981327109,17.359435537123105,0.9136544664423164
0.0833611203734578,17.373150633439412,0.9143761542229192
0.0835278426142047,17.39706267100625,0.9156346471203858
0.0836945648549516,17.437244342136136,0.9177496426881124
0.0838612870956985,17.47742601326602,0.9198646382558394
0.0840280093364454,17.52891591347961,0.9225746650803166
0.0841947315771923,17.586098067530955,0.9255842143967552
0.0843614538179393,17.643280221582305,0.928593763713194
0.0845281760586862,17.708180774018963,0.9320095265089948
0.0846948982994331,17.775843330537693,0.9355706514942268
0.08486162054018,17.84406021042506,0.9391610113216762
0.0850283427809269,17.912756132961317,0.942776635709575
0.0851950650216738,17.98145205549757,0.946392260097474
0.0853617872624208,18.041741545525657,0.9495653191173304
0.0855285095031677,18.1008760944003,0.9526775750609536
0.0856952317439146,18.154760341535617,0.9555135183974176
0.0858619539846615,18.194405770011777,0.9576001019252602
0.0860286762254084,18.234051198487936,0.9596866854531028
0.0861953984661553,18.26595046996178,0.9613656040580648
0.0863621207069023,18.28285893278272,0.9622555860520629
0.0865288429476492,18.29976739560366,0.9631455680460608
0.0866955651883961,18.308186517868563,0.9635886863574736
0.086862287429143,18.29982039532402,0.963148443918536
0.0870290096698899,18.275973562654425,0.9618931120393572
0.0871957319106368,18.25081,0.9605688
0.0873624541513837,18.225678517280365,0.9592463822624352
0.0875291763921307,18.200592006646232,0.9579259337595812
0.0876958986328776,18.17554499151244,0.9566078453187512
0.0878626208736245,18.15054355894038,0.955291836544733
0.0880293431143714,18.12558749473354,0.9539782783279844
0.0881960653551183,18.100655023909933,0.9526659945000416
0.0883627875958652,18.07572255308633,0.951353710672099
0.0885295098366122,18.050854814919685,0.9500448377572348
0.0886962320773591,18.02601112035483,0.9487372317552344
0.088862954318106,18.001167425789973,0.9474296257532336
0.0890296765588529,17.976402992054485,0.946126256105906
0.0891963987995998,17.951658317162856,0.9448239425347158
0.0893631210403467,17.926913642271224,0.9435216289635252
0.0895298432810936,17.902342599259846,0.94222841370286
0.0896965655218406,17.877797101871828,0.9409365370328592
0.0898632877625875,17.85325160448381,0.939644660362858
0.0900300100033344,17.82870610709579,0.9383527836928568
0.0901967322440813,17.804160609707772,0.9370609070228556
0.0903634544848282,17.779615112319753,0.9357690303528546
0.0905301767255751,17.755069614931735,0.9344771536828534
0.0906968989663221,17.730524117543716,0.9331852770128524
0.090863621207069,17.705995477185887,0.9318942899653117
0.0910303434478159,17.681646880987156,0.9306128046702132
0.0911970656885628,17.65729828478842,0.9293313193751148
0.0913637879293097,17.6329652248442,0.9280506430367166
0.0915305101700566,17.60871564831869,0.9267743135935688
0.0916972324108035,17.584466071793184,0.9254979841504212
0.0918639546515505,17.560234415657543,0.924222652015927
0.0920306768922974,17.536063371976315,0.9229506930962872
0.0921973991330443,17.511892328295087,0.9216787341766474
0.0923641213737912,17.48774371838002,0.920407753880352
0.0925308436145381,17.463653080341437,0.919139470852968
0.092697565855285,17.439598884857826,0.9178737382915212
0.092864288096032,17.4156420530488,0.9166126235644942
0.0930310103367789,17.39647664027882,0.9156037558294516
0.0931977325775258,17.391890501895922,0.9153626265425728
0.0933644548182727,17.404120499133846,0.9160062834718976
0.0935311770590196,17.431442927870464,0.9174442965305564
0.0936978992997665,17.462962907093225,0.91910324146244
0.0938646215405135,17.512435184519035,0.921707117421093
0.0940313437812604,17.56190746194484,0.924310993379746
0.0941980660220073,17.61317768935464,0.9270094764961352
0.0943647882627542,17.676441017130564,0.9303390300806632
0.0945315105035011,17.73970434490649,0.9336685836651912
0.094698232744248,17.80423001273511,0.9370645866093756
0.0948649549849949,17.87375308980124,0.9407236523020344
0.0950316772257419,17.94209667922303,0.9443206600146442
0.0951983994664888,18.00861120373681,0.94782143265933
0.0953651217072357,18.069596372268222,0.9510312125241402
0.0955318439479826,18.12423764941041,0.953907133148116
0.0956985661887295,18.1788789265526,0.9567830537720916
0.0958652884294764,18.221024049079787,0.9590012215851418
0.0960320106702234,18.254281001397224,0.9607515479606002
0.0961987329109703,18.287537953714665,0.9625018743360588
0.0963654551517172,18.30545087872779,0.963444635644478
0.0965321773924641,18.315305043449364,0.9639632597191696
0.096698899633211,18.325159208170938,0.9644818837938612
0.0968656218739579,18.320105832975194,0.9642160339765534
0.0970323441147048,18.29601810791049,0.9629485051757992
0.0971990663554518,18.27083315688055,0.9616227451613748
0.0973657885961987,18.24567601418487,0.960298804476019
0.0975325108369456,18.22055711378633,0.9589767671232878
0.0976992330776925,18.195471435536003,0.9576565278819126
0.0978659553184394,18.17042759204953,0.9563382599614686
0.0980326775591863,18.145408387212896,0.9550214552117297
0.0981993997999333,18.12043002117472,0.953706846005544
0.0983661220406802,18.09548808882569,0.9523940726374248
0.0985328442814271,18.07058091608257,0.9510830306354427
0.098699566522174,18.045712566584623,0.9497744384232084
0.0988662887629209,18.020881550420988,0.9484676256370576
0.0990330110036678,17.996090531856986,0.9471627192643944
0.0991997332444147,17.97132110684438,0.9458589663645244
0.0993664554851617,17.946707320026547,0.9445635272626014
0.0995331777259086,17.92209353320872,0.9432680881606784
0.0996998999666555,17.89747974639089,0.9419726490587556
0.0998666222074024,17.872865959573062,0.9406772099568328
0.1000333444481493,17.848252172755235,0.9393817708549098
0.1002000666888962,17.823638385937404,0.938086331752987
0.1003667889296432,17.799024599119576,0.936790892651064
0.1005335111703901,17.77441081230175,0.9354954535491412
0.100700233411137,17.749863126223367,0.9342034837808264
0.1008669556518839,17.725446240594824,0.932918379145948
0.1010336778926308,17.70102935496628,0.9316332745110696
0.1012004001333777,17.676652769769735,0.930350282174696
0.1013671223741247,17.652334903814417,0.9290703675364832
0.1015338446148716,17.628017037859095,0.9277904528982704
0.1017005668556185,17.603746531355448,0.9265130042177137
0.1018672890963654,17.579527685073355,0.9252382454314516
0.1020340113371123,17.555308838791262,0.9239634866451896
0.1022007335778592,17.531133151986438,0.9226910171877218
0.1023674558186061,17.506992838548626,0.921420424056678
0.1025341780593531,17.482852525110815,0.9201498309256344
0.1027009003001,17.45874623818875,0.91888121492772
0.1028676225408469,17.4347483246592,0.9176183350374584
0.1030343447815938,17.415699876393017,0.9166156769496742
0.1032010670223407,17.41189861739647,0.9164154901012872
0.1033677892630876,17.424618578652982,0.9170850536952362
0.1035345115038346,17.447136897122004,0.9182704250461478
0.1037012337445815,17.48789498998784,0.920415640239242
0.1038679559853284,17.529800840620776,0.9226212546566416
0.1040346782260753,17.5760468257787,0.9250552947392058
0.1042014004668222,17.634109913474592,0.9281112808679152
0.1043681227075691,17.69217300117049,0.9311672669966248
0.1045348449483161,17.753445109596484,0.9343920658178944
0.104701567189063,17.820949057299185,0.9379446947332604
0.1048682894298099,17.88852540742653,0.9415012325306824
0.1050350116705568,17.956204200355586,0.9450633010383164
0.1052017339113037,18.02388299328464,0.9486253695459504
0.1053684561520506,18.083020623346364,0.9517378272660202
0.1055351783927976,18.140752112454027,0.9547762650719868
0.1057019006335445,18.19432355051327,0.9575957949952552
0.1058686228742914,18.232326618202503,0.959596094828533
0.1060353451150383,18.27032968589173,0.9615963946618108
0.1062020673557852,18.301935711013343,0.9632599826912658
0.1063687895965321,18.317266688005677,0.964066924738615
0.106535511837279,18.33259766499801,0.964873866785964
0.106702234078026,18.3407617548939,0.9653034296343032
0.1068689563187729,18.330878784056377,0.9647831067128512
0.1070356785595198,18.30642989074789,0.963496506362591
0.1072024008002667,18.28123247785866,0.9621699596746032
0.1073691230410136,18.25605972515908,0.9608452765452012
0.1075358452817605,18.230928644885594,0.959522456481008
0.1077025675225075,18.205823865415788,0.958201339189812
0.1078692897632544,18.18076083304441,0.9568821337879108
0.1080360120040013,18.15573612740767,0.955564853539174
0.1082027342447482,18.130727956332127,0.9542490630695788
0.1083694564854951,18.105781224877948,0.952935752714085
0.108536178726242,18.080858380318958,0.9516239256797426
0.108702900966989,18.055961219941835,0.950313704056004
0.1088696232077359,18.031109794584733,0.9490057972177108
0.1090363454484828,18.006291676053813,0.9476995761369936
0.1092030676892297,17.981500271229425,0.9463947610403364
0.1093697899299766,17.95687341043308,0.945098606152634
0.1095365121707235,17.93224654963673,0.9438024512649318
0.1097032344114704,17.90761968884038,0.9425062963772296
0.1098699566522174,17.88299282804403,0.9412101414895272
0.1100366788929643,17.858365967247686,0.9399139866018248
0.1102034011337112,17.833739106451336,0.9386178317141226
0.1103701233744581,17.809112245654987,0.9373216768264204
0.110536845615205,17.784485384858638,0.936025521938718
0.1107035678559519,17.759974181897434,0.934735424035317
0.1108702900966989,17.73553680943995,0.9334491926248468
0.1110370123374458,17.71109943698246,0.9321629612143766
0.1112037345781927,17.6867272345953,0.9308801977826486
0.1113704568189396,17.662385467339547,0.9295990539346992
0.1115371790596865,17.638043700083795,0.92831791008675
0.1117039013004334,17.61377391850357,0.927040648323445
0.1118706235411803,17.589527756449552,0.9257646603274464
0.1120373457819273,17.565281594395532,0.9244886723314478
0.1122040680226742,17.541105790627878,0.9232162022497672
0.1123707902634211,17.51694499036112,0.9219444823431316
0.112537512504168,17.492784190094365,0.920672762436496
0.1127042347449149,17.468671298564086,0.9194038592906084
0.1128709569856618,17.444664187124967,0.9181405389657497
0.1130376792264088,17.42561627231877,0.9171375406866512
0.1132044014671557,17.42169762419124,0.916931661071524
0.1133711237079026,17.43466052845962,0.9176136809435296
0.1135378459486495,17.46008992075354,0.9189519355460892
0.1137045681893964,17.49566363197119,0.9208243564642934
0.1138712904301433,17.53611529592436,0.9229534659170632
0.1140380126708903,17.589473241906354,0.9257617321391374
0.1142047349116372,17.642831187888348,0.9285699983612116
0.1143714571523841,17.7002541395962,0.9315922720001454
0.114538179393131,17.7653751302777,0.9350198187301254
0.1147049016338779,17.830496120959204,0.9384473654601054
0.1148716238746248,17.89751686118468,0.941974651154332
0.1150383461153717,17.965009792498222,0.945526727405924
0.1152050683561187,18.03236469572565,0.9490715438990264
0.1153717905968656,18.09100827830113,0.9521581776712048
0.1155385128376125,18.1496518608766,0.9552448114433834
0.1157052350783594,18.199674804399876,0.9578776490853144
0.1158719573191063,18.23931681840454,0.9599640277448674
0.1160386795598532,18.27895883240921,0.9620504064044206
0.1162054018006002,18.306822373391864,0.9635169050547708
0.1163721240413471,18.32402789523248,0.9644224911834804
0.116538846282094,18.341233417073088,0.96532807731219
0.1167055685228409,18.346180139668974,0.9655885340113926
0.1168722907635878,18.33591863395969,0.9650481111034116
0.1170390130043347,18.31137592266762,0.9637566045943348
0.1172057352450816,18.286167661516178,0.962429751255231
0.1173724574858286,18.26099080878741,0.9611047223076852
0.1175391797265755,18.23584698035512,0.9597815820497932
0.1177059019673224,18.210747697530078,0.9584602886146498
0.1178726242080693,18.18568070927001,0.9571411724360273
0.1180393464488162,18.160654376697007,0.9558237632495264
0.1182060686895631,18.135678560335304,0.9545093926268154
0.1183727909303101,18.110707820821347,0.953195275081388
0.118539513171057,18.08581290918413,0.951884937502195
0.1187062354118039,18.060917997546923,0.950574599923002
0.1188729576525508,18.03603544315569,0.94926491682017
0.1190396798932977,18.01123272224872,0.9479594619352084
0.1192064021340446,17.986430001341752,0.9466540070502468
0.1193731243747915,17.961667943669198,0.9453507068493155
0.1195398466155385,17.93706326210868,0.9440557457734016
0.1197065688562854,17.912458580548158,0.9427607846974873
0.1198732910970323,17.88785389898764,0.941465823621573
0.1200400133377792,17.863249217427118,0.9401708625456588
0.1202067355785261,17.8386445358666,0.9388759014697446
0.120373457819273,17.814039854306078,0.9375809403938304
0.12054018006002,17.78943517274556,0.9362859793179162
0.1207069023007669,17.764830491185037,0.934991018242002
0.1208736245415138,17.74030882697697,0.9337004179626476
0.1210403467822607,17.7159021847629,0.9324158596432078
0.1212070690230076,17.69149554254883,0.931131301323768
0.1213737912637545,17.667137468030656,0.9298492718740112
0.1215405135045015,17.642829845489807,0.9285698694065222
0.1217072357452484,17.61852222294896,0.927290466939033
0.1218739579859953,17.594260636310658,0.9260135197196796
0.1220406802267422,17.570034961085582,0.9247384877756982
0.1222074024674891,17.545809285860507,0.923463455831717
0.122374124708236,17.521623199144518,0.922190553176124
0.1225408469489829,17.497480957734815,0.9209200536775208
0.1227075691897299,17.473388454604954,0.9196519076899464
0.1228742914304768,17.449390330105807,0.918388803375479
0.1230410136712237,17.43033998169761,0.91738634458232
0.1232077359119706,17.425891137073947,0.9171520607245874
0.1233744581527175,17.438250478231563,0.9178027029841628
0.1235411803934644,17.46546635679354,0.9192350464734474
0.1237079026342114,17.496467933385325,0.9208665938879004
0.1238746248749583,17.545865092438344,0.9234665432043392
0.1240413471157052,17.595262251491363,0.926066492520778
0.1242080693564521,17.64599352639194,0.9287366438176076
0.124374791597199,17.70898028197713,0.9320516858983008
0.1245415138379459,17.771967037562327,0.9353667279789944
0.1247082360786928,17.8359240873451,0.9387328597309346
0.1248749583194398,17.904636612825204,0.94234938532281
0.1250416805601867,17.973151504700866,0.9459555003439156
0.1252084028009336,18.03768449000603,0.9493518639906664
0.1253751250416805,18.100620056932183,0.9526641616060576
0.1255418472824274,18.151898589776465,0.9553629940168608
0.1257085695231743,18.20317712262075,0.9580618264276648
0.1258752917639213,18.25010630215945,0.9605317758399384
0.1260420140046682,18.27870932983534,0.9620373187542434
0.1262087362454151,18.30731235751123,0.963542861668548
0.126375458486162,18.329721338289044,0.9647223434860976
0.1265421807269089,18.33478158503796,0.9649885698282116
0.1267089029676558,18.339841831786877,0.9652547961703256
0.1268756252084028,18.338726559865574,0.9651960416300388
0.1270423474491497,18.315094529958035,0.9639522380448536
0.1272090696898966,18.289879675257676,0.9626250742200776
0.1273757919306435,18.26469394691862,0.961299762697892
0.1275425141713904,18.239555296760347,0.9599764043961184
0.1277092364121373,18.2144478301869,0.958654926481565
0.1278759586528843,18.189378394795263,0.9573356620504156
0.1280426808936312,18.16435934220766,0.9560189427399314
0.1282094031343781,18.13935891110964,0.954703106048482
0.128376125375125,18.11441660973615,0.9533903758165244
0.1285428476158719,18.08949096785552,0.9520785358698752
0.1287095698566188,18.064565325974893,0.9507666959232266
0.1288762920973657,18.039717911290083,0.9494589411745812
0.1290430143381127,18.0148844601397,0.9481519156327342
0.1292097365788596,17.990051008989315,0.9468448900908868
0.1293764588196065,17.96540181329612,0.9455475274914816
0.1295431810603534,17.94076867780651,0.9442510071402536
0.1297099033011003,17.9161355423169,0.9429544867890254
0.1298766255418472,17.891502406827293,0.9416579664377972
0.1300433477825942,17.866869271337688,0.940361446086569
0.1302100700233411,17.842236135848076,0.9390649257353408
0.130376792264088,17.81760300035847,0.9377684053841128
0.1305435145048349,17.79296986486886,0.9364718850328844
0.1307102367455818,17.768362901469388,0.9351767630625186
0.1308769589863287,17.743925529011904,0.9338907023756232
0.1310436812270757,17.71948815655442,0.9326046416887274
0.1312104034678226,17.69507108132499,0.9313196378574996
0.1313771257085695,17.670732728540724,0.9300387330225544
0.1315438479493164,17.646394375756465,0.9287578281876094
0.1317105701900633,17.622079605944382,0.9274781496672176
0.1318772924308102,17.597826614947383,0.9262016836452104
0.1320440146715571,17.57357362395038,0.9249252176232032
0.1322107369123041,17.549345889519827,0.9236499603665856
0.132377459153051,17.525168692593837,0.9223771524899078
0.1325441813937979,17.501032607891283,0.9211068421590372
0.1327109036345448,17.476932851448776,0.9198385610840996
0.1328776258752917,17.452933523437913,0.918575502411734
0.1330443481160386,17.434109854232766,0.9175848429715616
0.1332110703567856,17.430563141772396,0.9173981251332144
0.1333777925975325,17.443827234461978,0.9180963062948816
0.1335445148382794,17.470009179233355,0.9194742845907816
0.1337112370790263,17.50491463319223,0.921311219692222
0.1338779593197732,17.546834940812705,0.9235174513476708
0.1340446815605201,17.599626084527273,0.9262959775230624
0.1342114038012671,17.65241722824185,0.9290745036984543
0.134378126042014,17.710747747843044,0.9321445429218828
0.1345448482827609,17.77549023793411,0.9355520160186716
0.1347115705235078,17.840232728025168,0.9389594891154596
0.1348782927642547,17.907207264404544,0.9424844367855524
0.1350450150050016,17.97451535902474,0.9460269399213258
0.1352117372457486,18.04124289559852,0.9495388933491218
0.1353784594864955,18.099815847525317,0.9526217420884464
0.1355451817272424,18.15838879945212,0.9557045908277716
0.1357119039679893,18.20727951757032,0.9582778690947534
0.1358786262087362,18.24691811710349,0.9603642136095916
0.1360453484494831,18.28655671663668,0.96245055812443
0.13621207069023,18.31315061049962,0.9638501904990744
0.136378792930977,18.33040052046961,0.9647579277448232
0.1365455151717239,18.3476504304396,0.9656656649905716
0.1367122374124708,18.351457613758196,0.9658661584649804
0.1368789596532177,18.34026945476272,0.9652773506043388
0.1370456818939646,18.31558541596676,0.9639781695310824
0.1372124041347115,18.29036946639732,0.9626509764398602
0.1373791263754585,18.265184553980905,0.9613256672117356
0.1375458486162054,18.240036121965684,0.9600021468153992
0.1377125708569523,18.214930229725876,0.9586805661891008
0.1378792930976992,18.18985586244332,0.9573609441473884
0.1380460153384461,18.164829670781668,0.9560436036333676
0.138212737579193,18.13983860860506,0.9547281577640586
0.1383794598199399,18.11487612352329,0.953414386426228
0.1385461820606869,18.089955680181063,0.9521028391726466
0.1387129043014338,18.065071011958324,0.950793184487752
0.1388796265421807,18.04018634373558,0.9494835298028568
0.1390463487829276,18.015358055145278,0.9481768402690008
0.1392130710236745,17.990565577652774,0.9468720341336224
0.1393797932644214,17.965773100160277,0.945567227998244
0.1395465155051684,17.941084376598543,0.944267784425579
0.1397132377459153,17.916443843087375,0.9429708315746288
0.1398799599866622,17.891803309576204,0.9416738787236784
0.1400466822274091,17.867162776065033,0.940376925872728
0.140213404468156,17.842522242553862,0.9390799730217776
0.1403801267089029,17.817881709042695,0.9377830201708276
0.1405468489496499,17.793360956594352,0.93649252140538
0.1407135711903968,17.768865538121528,0.9352033876941432
0.1408802934311437,17.744370119648707,0.9339142539829062
0.1410470156718906,17.719966554948492,0.9326298048140722
0.1412137379126375,17.695573570620386,0.9313458952442156
0.1413804601533844,17.671180586292273,0.930061985674359
0.1415471823941313,17.64688014775714,0.9287830669669092
0.1417139046348783,17.622582768630764,0.9275043132490032
0.1418806268756252,17.598288743251214,0.9262257312429346
0.1420473491163721,17.574076725912096,0.9249513480485364
0.142214071357119,17.549864708572986,0.9236769648541384
0.1423807935978659,17.52565851140178,0.9224029408959884
0.1425475158386128,17.501499128263145,0.921131806424482
0.1427142380793598,17.477400346102375,0.9198632926335424
0.1428809603201067,17.453417484847833,0.91860084005663
0.1430476825608536,17.434762199551372,0.9176190504146924
0.1432144048016005,17.43150961207333,0.9174476730464752
0.1433811270423474,17.445038149438407,0.918159755460151
0.1435478492830943,17.471578632284402,0.9195567541875492
0.1437145715238412,17.50643598603454,0.9213915312783086
0.1438812937645882,17.548740968739533,0.9236181565691496
0.1440480160053351,17.601497967739196,0.9263947023510766
0.144214738246082,17.65425496673887,0.929171248133004
0.1443814604868289,17.712838798921997,0.932254559512046
0.1445481827275758,17.777551563402895,0.9356605411163724
0.1447149049683227,17.842264327883782,0.939066522720698
0.1448816272090697,17.909274483441223,0.94259334461628
0.1450483494498166,17.976564436710145,0.9461348835695256
0.1452150716905635,18.043094962424476,0.949636462369596
0.1453817939313104,18.101656107936595,0.9527187020876674
0.1455485161720573,18.160217253448725,0.9558009418057392
0.1457152384128042,18.20870348829292,0.9583529113322156
0.1458819606535511,18.248335258883117,0.9604388461104748
0.1460486828942981,18.287967029473315,0.9625247808887344
0.146215405135045,18.31408664601712,0.963899498688798
0.1463821273757919,18.33132972704413,0.9648069969215424
0.1465488496165388,18.348572808071136,0.9657144951542864
0.1467155718572857,18.351954663241276,0.9658922749676532
0.1468822940980326,18.340369720824945,0.9652826282646524
0.1470490163387796,18.31562014111272,0.9639801545294968
0.1472157385795265,18.29040851166245,0.9626529353831108
0.1473824608202734,18.265221545246145,0.961327672998829
0.1475491830610203,18.24007460012993,0.9600041346243834
0.1477159053017672,18.214963553898468,0.9586824031521596
0.1478826275425141,18.18989142419789,0.9573625354841752
0.1480493497832611,18.164851419388413,0.9560448212323784
0.148216072024008,18.139843733928387,0.9547286113785592
0.1483827942647549,18.114873210960795,0.9534144325275457
0.1485495165055018,18.0899303836385,0.9521017645861414
0.1487162387462487,18.06503283711081,0.9507913105913768
0.1488829609869956,18.040166190614983,0.9494822077885352
0.1490496832277425,18.015357075074228,0.9481765040163328
0.1492164054684895,17.99055058194111,0.946870941550323
0.1493831277092364,17.96591431406967,0.9455743284170882
0.1495498499499833,17.941278046198228,0.9442777152838532
0.1497165721907302,17.916641778326788,0.9429811021506184
0.1498832944314771,17.892005510455345,0.9416844890173834
0.150050016672224,17.867369242583905,0.9403878758841488
0.150216738912971,17.84273297471246,0.9390912627509136
0.1503834611537179,17.818096706841022,0.9377946496176788
0.1505501833944648,17.79346043896958,0.936498036484444
0.1507169056352117,17.768878728611515,0.935204273177478
0.1508836278759586,17.74443794168254,0.9339178710434336
0.1510503501167055,17.71999715475356,0.9326314689093886
0.1512170723574524,17.695591062618256,0.9313468972248032
0.1513837945981994,17.671249295362504,0.9300657192321388
0.1515505168389463,17.646907528106752,0.9287845412394748
0.1517172390796932,17.62260319530434,0.9275053501524108
0.1518839613204401,17.598350204307344,0.9262288841304036
0.152050683561187,17.574097213310342,0.9249524181083962
0.1522174058019339,17.549880291179917,0.923677852211762
0.1523841280426809,17.52570046797836,0.9224052407046816
0.1525508502834278,17.50154838889098,0.921134062928506
0.1527175725241747,17.477442216322228,0.9198652046321764
0.1528842947649216,17.453466893156612,0.9186033642558076
0.1530510170056685,17.435202720058438,0.9176424965189656
0.1532177392464154,17.4326436691283,0.9175076638024932
0.1533844614871623,17.44623470616965,0.9182230419744768
0.1535511837279093,17.46985253903891,0.9194660718781366
0.1537179059686562,17.51090101808664,0.9216264129941628
0.1538846282094031,17.553900530807184,0.9238894298828172
0.15405135045015,17.59872749166024,0.9262486565030686
0.1542180726908969,17.65744274341083,0.9293390605044028
0.1543847949316438,17.71615799516141,0.9324294645057364
0.1545515171723908,17.77653447931737,0.9356072692346608
0.1547182394131377,17.84410630893975,0.939163635341871
0.1548849616538846,17.91153061265492,0.9427122380399492
0.1550516838946315,17.97868808788152,0.9462467991451706
0.1552184061353784,18.045845563108127,0.9497813602503926
0.1553851283761253,18.103760981572,0.952829571149003
0.1555518506168723,18.160646328564223,0.9558235759887324
0.1557185728576192,18.21323440169528,0.958591393133732
0.1558852950983661,18.25013459509308,0.9605334762280964
0.156052017339113,18.28703478849088,0.9624755593224616
0.1562187395798599,18.317430972958785,0.9640753240992416
0.1563854618206068,18.331614687530305,0.964821795856494
0.1565521840613537,18.34579840210183,0.9655682676137464
0.1567189063021007,18.352799721828585,0.96593668739424
0.1568856285428476,18.34083766009335,0.9653073181462344
0.1570523507835945,18.31602766881661,0.9640014253689504
0.1572190730243414,18.29080856367713,0.9626742013981752
0.1573857952650883,18.265630108912266,0.9613488818630728
0.1575525175058352,18.240485510214004,0.9600254013365206
0.1577192397465822,18.21537587688979,0.958703968150794
0.1578859619873291,18.190309154370976,0.9573846856685648
0.158052684228076,18.16528494764423,0.956067694602507
0.1582194064688229,18.140279629112577,0.9547517309144894
0.1583861287095698,18.115336463278837,0.9534389573638852
0.1585528509503167,18.090410821398205,0.9521270832725212
0.1587195731910636,18.06548517951758,0.9508152091811576
0.1588862954318106,18.040638024278568,0.9495074047675072
0.1590530176725575,18.015804573128182,0.94820031093623
0.1592197399133044,17.9909711219778,0.9468932171049528
0.1593864621540513,17.966320389800607,0.9455958157801272
0.1595531843947982,17.941684977996673,0.9442992271394692
0.1597199066355451,17.91704956619274,0.9430026384988112
0.1598866288762921,17.892414154388803,0.9417060498581532
0.160053351117039,17.86777874258487,0.9404094612174952
0.1602200733577859,17.843143330780933,0.9391128725768372
0.1603867955985328,17.818507918977,0.9378162839361792
0.1605535178392797,17.793872507173063,0.9365196952955211
0.1607202400800266,17.769264129113914,0.9352245344716134
0.1608869623207735,17.74482675665643,0.933938405495288
0.1610536845615205,17.72038938419894,0.9326522765189624
0.1612204068022674,17.69597258763352,0.9313672189080514
0.1613871290430143,17.671634234849257,0.9300862457836766
0.1615538512837612,17.647295882065,0.928805272659302
0.1617205735245081,17.622981352480508,0.9275255288120352
0.161887295765255,17.59872836148351,0.9262489603558832
0.162054018006002,17.574475370486507,0.9249723918997312
0.1622207402467489,17.550244963935317,0.9236970287754862
0.1623874624874958,17.52606100903317,0.922424203253661
0.1625541847282427,17.501924513164397,0.9211538667188658
0.1627209069689896,17.477823899208072,0.91988554190585
0.1628876292097365,17.453859260803522,0.9186243858437744
0.1630543514504835,17.435828357155312,0.9176750543980328
0.1632210736912304,17.43340657041373,0.917547727008572
0.1633877959319773,17.44613838520969,0.9182178979827116
0.1635545181727242,17.472867357209594,0.919624705404538
0.1637212404134711,17.510791603019282,0.9216206773800786
0.163887962654218,17.556781119524786,0.9240410937855472
0.1640546848949649,17.602770636030286,0.9264615101910156
0.1642214071357119,17.658479083812136,0.9293935407642226
0.1643881293764588,17.71936252495918,0.9325979881133388
0.1645548516172057,17.780245966106236,0.9358024354624552
0.1647215738579526,17.846541859299467,0.9392916548636652
0.1648882960986995,17.914902793931322,0.9428895248511738
0.1650550183394464,17.98180683488725,0.9464107502592188
0.1652217405801934,18.04769175307552,0.9498783614349828
0.1653884628209403,18.10623948751964,0.952959876076819
0.1655551850616872,18.160415790411072,0.9558113576937708
0.1657219073024341,18.214592093302493,0.9586628393107222
0.165888629543181,18.25265154900852,0.9606660015937256
0.1660553517839279,18.285577297591388,0.9623989483092976
0.1662220740246748,18.318503046174246,0.9641318950248694
0.1663887962654218,18.33213594063537,0.964849374687373
0.1665555185061687,18.34180913836795,0.965358438241891
