time,V(n001),I(R2)
0.0,-2.995293e-22,-3.941176e-24
0.0001667222407469,5.916593278031165e-06,7.784991042581543e-08
0.0003334444814938,0.0068293922875197,8.986042069845688e-05
0.0005001667222407,0.0413845754275695,0.000544533797769
0.0006668889629876,0.1066647760338506,0.0014034833877491
0.0008336112037345,0.2064135890494327,0.0027159679069443
0.0010003334444814,0.317535662025502,0.004178100544977
0.0011670556852284,0.4684449902015608,0.0061637495639834
0.0013337779259753,0.6193543183776196,0.0081493985829897
0.0015005001667222,0.786716956100435,0.0103515376148619
0.0016672224074691,0.9936672195215754,0.0130745642877529
0.001833944648216,1.2006174829427156,0.0157975909606439
0.0020006668889629,1.4266887714119267,0.0187722117929443
0.0021673891297099,1.686042123862744,0.0221847575215205
0.0023341113704568,1.945395476313561,0.0255973032500967
0.0025008336112037,2.222763686642044,0.0292468857984848
0.0026675558519506,2.5234191691362087,0.0332028788094885
0.0028342780926975,2.8240746516303736,0.0371588718204921
0.0030010003334444,3.139689342119591,0.0413116976099866
0.0031677225741913,3.469823322779811,0.0456555677533677
0.0033344448149383,3.799957303440032,0.0499994378967488
0.0035011670556852,4.140067963346812,0.0544745782633583
0.0036678892964321,4.487440244773955,0.0590452649189101
0.003834611537179,4.834812526201097,0.063615951574462
0.0040013337779259,5.1857831296986205,0.0682339877271317
0.0041680560186728,5.5386909523061565,0.0728775153029903
0.0043347782594198,5.891598774913692,0.0775210428788489
0.0045015005001667,6.240492435787727,0.0821117438132103
0.0046682227409136,6.587835304663809,0.086682036219378
0.0048349449816605,6.928721057642443,0.0911673763762707
0.0050016672224074,7.2610590055192,0.0955402583891094
0.0051683894631543,7.593396953395956,0.0999131404019481
0.0053351117039013,7.90731584601787,0.1040436513739188
0.0055018339446482,8.214740772862356,0.108088710121383
0.0056685561853951,8.517161212865197,0.1120679180289069
0.005835278426142,8.789378245209312,0.1156496986224381
0.0060020006668889,9.061595277553426,0.1192314792159693
0.0061687229076358,9.324259258657522,0.122687572122804
0.0063354451483827,9.551716667127012,0.1256804588183692
0.0065021673891297,9.779174075596504,0.1286733455139344
0.0066688896298766,9.9913308632023,0.1314648967382808
0.0068356118706235,10.165048929224309,0.1337506463881641
0.0070023341113704,10.338766995246312,0.1360363960380474
0.0071690563521173,10.491096931995443,0.1380407267730138
0.0073357785928642,10.60473737214216,0.1395359921281322
0.0075025008336112,10.718377812288876,0.1410312574832505
0.0076692230743581,10.809959715731855,0.1422362850775068
0.007835945315105,10.87197676141375,0.1430523096190206
0.0080026675558519,10.933993807095645,0.1438683341605345
0.0081693897965988,10.9771940226163,0.1444368102976704
0.0083361120373457,10.981775378540856,0.1444970050472114
0.0085028342780926,10.977933734269897,0.1444465231442297
0.0086695565188396,10.974100439522289,0.1443960547341237
0.0088362787595865,10.97026714477468,0.1443456156483138
0.0090030010003334,10.966433850027071,0.1442952119003559
0.0091697232410803,10.962600555279463,0.144244708152398
0.0093364454818272,10.958771666349572,0.1441943310122001
0.0095031677225741,10.954944506871255,0.1441439643165633
0.0096698899633211,10.951117347392936,0.1440935976209265
0.009836612204068,10.947293618833864,0.1440432715600875
0.0100033344448149,10.943470276620785,0.1439929500750168
0.0101700566855618,10.939646934407708,0.1439426285899461
0.0103367789263087,10.935823875705893,0.1438923531632912
0.0105035011670556,10.932001007581723,0.1438421086973265
0.0106702234078026,10.928178139457556,0.1437918642313619
0.0108369456485495,10.924360174311335,0.1437416354777457
0.0110036678892964,10.92054279518496,0.1436914086021205
0.0111703901300433,10.916725416058584,0.1436411817264953
0.0113371123707902,10.912915226722165,0.1435909598067921
0.0115038346115371,10.90909583938581,0.143540765317642
0.011670556852284,10.905290972832468,0.1434906167324194
0.011837279093031,10.905315497717,0.1434909334481216
0.0120040013337779,10.92614256622295,0.1437649951624657
0.0121707235745248,10.973012801159053,0.1443817218340459
0.0123374458152717,11.042461815637994,0.1452955561288383
0.0125041680560186,11.12859738441072,0.1464289747552704
0.0126708902967655,11.222799706265166,0.147668512865517
0.0128376125375125,11.345232410499907,0.1492794263700184
0.0130043347782594,11.467665114734656,0.15089033987452
0.0131710570190063,11.59998104491851,0.1526313158707988
0.0133377792597532,11.756083852521046,0.154685325340622
0.0135045015005001,11.91218666012358,0.1567393348104453
0.013671223741247,12.076999181150606,0.1589079208593282
0.0138379459819939,12.256975973414695,0.1612759934168474
0.0140046682227409,12.436952765678782,0.1636440659743665
0.0141713904634878,12.621873313062778,0.1660772114531929
0.0143381127042347,12.813186150675314,0.1685944964148468
0.0145048349449816,13.004498988287851,0.1711117813765007
0.0146715571857285,13.196176375306994,0.1736338511593807
0.0148382794264754,13.388207680721909,0.1761605662282542
0.0150050016672224,13.576481778961307,0.1786378617266384
0.0151717239079693,13.759661282472845,0.1810481466313805
0.0153384461487162,13.936075497079871,0.1833694039089457
0.0155051683894631,14.101320873721718,0.1855436851805489
0.01567189063021,14.26656625036356,0.1877179664521521
0.0158386128709569,14.416650607919603,0.1896927538292126
0.0160053351117039,14.553854315822235,0.1914980531956681
0.0161720573524508,14.691058023724873,0.1933033525621236
0.0163387795931977,14.804635937149438,0.1947977994085028
0.0165055018339446,14.903232215909023,0.1960951278513171
0.0166722240746915,15.00182849466861,0.1973924562941313
0.0168389463154384,15.07370608835848,0.1983382169520852
0.0170056685561853,15.133196425137408,0.1991209845412816
0.0171723907969323,15.192686761916333,0.199903752130478
0.0173391130376792,15.227985367907309,0.2003682014279036
0.0175058352784261,15.246035188057764,0.2006057438435155
0.017672557519173,15.241577041706934,0.2005470762505177
0.0178392797599199,15.23625127445451,0.2004770021618979
0.0180060020006668,15.230931401933876,0.2004069923896176
0.0181727242414138,15.225611015221018,0.2003369307436677
0.0183394464821607,15.22029062850816,0.2002669560923355
0.0185061687229076,15.2149702417953,0.2001969814410034
0.0186728909636545,15.209649855082445,0.2001270067896712
0.0188396132044014,15.204339035377888,0.2000570936308162
0.0190063354451483,15.199028827619513,0.1999871844052793
0.0191730576858952,15.19372064452741,0.1999173298940996
0.0193397799266422,15.188413870206713,0.1998475134534024
0.0195065021673891,15.183107095886012,0.1997776970127052
0.019673224408136,15.177800321565314,0.199707880572008
0.0198399466488829,15.172499920128155,0.1996381334678041
0.0200066688896298,15.16720191538325,0.1995684124394314
0.0201733911303767,15.161903910638344,0.1994986914110587
0.0203401133711237,15.15660590589344,0.199428970382686
0.0205068356118706,15.151307901148533,0.1993592493543133
0.0206735578526175,15.146013715569737,0.1992896202085878
0.0208402800933644,15.140721284759463,0.1992200332796115
0.0210070023341113,15.135428853949197,0.1991504463506352
0.0211737245748582,15.130141589044554,0.199080885251187
0.0213404468156052,15.124855987177265,0.1990113324669256
0.0215071690563521,15.119570385309975,0.1989417796826642
0.021673891297099,15.11428760980997,0.1988722551620756
0.0218406135378459,15.109005422414173,0.1988027365225291
0.0220073357785928,15.103723235018371,0.1987332178829826
0.0221740580193397,15.098449968411009,0.1986637442559073
0.0223407802600866,15.09317232986353,0.1985943990771517
0.0225075025008336,15.089831624618808,0.1985503802395102
0.0226742247415805,15.100321701099851,0.1986884848583413
0.0228409469823274,15.129977273440373,0.1990786625139699
0.0230076692230743,15.181471617477856,0.1997562192940384
0.0231743914638212,15.245639324341273,0.2006005285476299
0.0233411137045681,15.3245306881292,0.2016385620254559
0.0235078359453151,15.403422051917133,0.2026765955032818
0.023674558186062,15.49428761521358,0.2038721905798735
0.0238412804268089,15.596930042689408,0.2052227506332247
0.0240080026675558,15.699572470165233,0.2065733106865758
0.0241747249083027,15.811606807781247,0.208047458846165
0.0243414471490496,15.930570408981648,0.2096127891562683
0.0245081693897965,16.04953401018205,0.2111781194663717
0.0246748916305435,16.17182269398965,0.2127871406141784
0.0248416138712904,16.295927653157023,0.2144200272117626
0.0250083361120373,16.417127279283765,0.2160147620677994
0.0251750583527842,16.536683804536793,0.2175879203407065
0.0253417805935311,16.6496871412798,0.2190748440848612
0.025508502834278,16.755285500768974,0.2204643244664556
0.025675225075025,16.86088386025815,0.22185380484805
0.0258419473157719,16.950269443436994,0.2230299107962186
0.0260086695565188,17.03196067384713,0.2241047522767121
0.0261753917972657,17.113651904257267,0.2251795937572056
0.0263421140380126,17.172939433768214,0.2259596941446587
0.0265088362787595,17.22473696627905,0.2266412567988768
0.0266755585195065,17.27653449878989,0.2273228194530949
0.0268422807602534,17.30621331287306,0.2277133307662552
0.0270090030010003,17.331060944337047,0.2280402704857536
0.0271757252417472,17.332884159329954,0.2280642863830167
0.0273424474824941,17.326849339346836,0.2279848417418354
0.027509169723241,17.320796522475444,0.227905244272012
0.0276758919639879,17.314742204621467,0.2278255534267217
0.0278426142047349,17.308695410071042,0.2277459688777639
0.0280093364454818,17.302650520252644,0.2276664291512568
0.0281760586862287,17.29660782244649,0.2275869113448721
0.0283427809269756,17.290565184524336,0.2275073950502438
0.0285095031677225,17.284524984457647,0.2274279402986599
0.0286762254084694,17.278484784390958,0.227348485547076
0.0288429476492164,17.27244523487902,0.2272690373010397
0.0290096698899633,17.26641186375531,0.2271896508388856
0.0291763921307102,17.260378492631602,0.2271102643767316
0.0293431143714571,17.25434739627528,0.2270309063491698
0.029509836612204,17.248327683037534,0.2269516906105903
0.0296765588529509,17.242307969799786,0.2268724748720108
0.0298432810936978,17.23628825656204,0.2267932591334313
0.0300100033344448,17.230268543324296,0.2267140433948517
0.0301767255751917,17.224248830086548,0.2266348276562722
0.0303434478159386,17.218229116848804,0.2265556119176927
0.0305101700566855,17.212209403611055,0.2264763961791132
0.0306768922974324,17.20618969037331,0.2263971804405336
0.0308436145381793,17.200173873941345,0.2263180296487171
0.0310103367789263,17.194164404118073,0.2262389846337121
0.0311770590196732,17.1881549342948,0.2261599396187071
0.0313437812604201,17.18214854917099,0.2260809254506968
0.031510503501167,17.176145908290696,0.2260019487251216
0.0316772257419139,17.170143267410403,0.2259229719995464
0.0318439479826608,17.164144198058516,0.2258440309892553
0.0320106702234078,17.1581483861212,0.2257651225531099
0.0321773924641547,17.15215257418389,0.2256862141169645
0.0323441147049016,17.1461587348647,0.2256073046618069
0.0325108369456485,17.14016094450984,0.2255284371067409
0.0326775591863954,17.13417769038484,0.225449669686301
0.0328442814271423,17.128484210706837,0.2253747921076215
0.0330110036678892,17.13046181025958,0.2254007755790247
0.0331777259086362,17.148231836802438,0.2256345729723694
0.0333444481493831,17.18330455133675,0.2260961104855239
0.03351117039013,17.230350284203073,0.2267151340017647
0.0336778926308769,17.286992308937094,0.2274603794680957
0.0338446148716238,17.34594111768611,0.2282359908483473
0.0340113371123707,17.42030147780615,0.229214475943379
0.0341780593531177,17.49466183792619,0.2301929610384107
0.0343447815938646,17.571283954272385,0.231201190814356
0.0345115038346115,17.656869970798887,0.2323273061287698
0.0346782260753584,17.742455987325386,0.2334534214431836
0.0348449483161053,17.828920295422442,0.234591090459709
0.0350116705568522,17.915864092947505,0.235735067037644
0.0351783927975992,18.00280789047257,0.2368790436155791
0.0353451150383461,18.081328767662605,0.2379122030478757
0.035511837279093,18.15845352381384,0.2389269942489258
0.0356785595198399,18.229642474100245,0.239863692130828
0.0358452817605868,18.28680072685116,0.2406157977660397
0.0360120040013337,18.34395897960208,0.2413679034012514
0.0361787262420806,18.39273438679127,0.2420096892283351
0.0363454484828276,18.42714884494399,0.2424624822926899
0.0365121707235745,18.461563303096707,0.2429152753570447
0.0366788929643214,18.48697271255881,0.2432496458766947
0.0368456152050683,18.49432826599308,0.2433464229540753
0.0370123374458152,18.488359482535767,0.2432679159061533
0.0371790596865621,18.48190327196689,0.2431829344277678
0.0373457819273091,18.47544799626626,0.2430979694198766
0.037512504168056,18.468992564911527,0.2430129919496097
0.0376792264088029,18.462537133556797,0.24292815613568
0.0378459486495498,18.45609014976356,0.2428432370090757
0.0380126708902967,18.4496390003366,0.2427583868337015
0.0381793931310436,18.44319398962746,0.2426735865526285
0.0383461153717905,18.436746932358187,0.2425888389149437
0.0385128376125375,18.43030418346394,0.2425041016660869
0.0386795598532844,18.42386608499091,0.242419359798501
0.0388462820940313,18.41743203339021,0.2423346804394406
0.0390130043347782,18.410999001835545,0.2422500168361463
0.0391797265755251,18.40456958531188,0.2421654070830226
0.039346448816272,18.39814354996676,0.2420808476965605
0.039513171057019,18.391717514621647,0.2419962883100983
0.0396798932977659,18.38529147927653,0.2419117289236362
0.0398466155385128,18.378865443931417,0.241827169537174
0.0400133377792597,18.372439408586303,0.2417426101507119
0.0401800600200066,18.366020126631344,0.2416581520651021
0.0403467822607535,18.359604334700705,0.241573746329857
0.0405135045015005,18.35318854277006,0.2414893405946119
0.0406802267422474,18.346777739928463,0.2414049847502573
0.0408469489829943,18.3403687769408,0.241320647304442
0.0410136712237412,18.333959813953136,0.2412363098586268
0.0411803934644881,18.327556326883467,0.2411520271719914
0.041347115705235,18.321154192838783,0.2410677580156059
0.0415138379459819,18.314752058794102,0.2409834888592205
0.0416805601867289,18.308352906122888,0.2408993389577737
0.0418472824274758,18.301954186549697,0.2408152063802479
0.0420140046682227,18.29555546697651,0.240731073802722
0.0421807269089696,18.28916642176713,0.2406469734730756
0.0423474491497165,18.28277794560841,0.2405628750402646
0.0425141713904634,18.276389469213765,0.2404787775245867
0.0426808936312104,18.270000978062484,0.2403947373733853
0.0428476158719573,18.263615509957337,0.2403107093706151
0.0430143381127042,18.257246793102244,0.2402268683103291
0.0431810603534511,18.25352982771877,0.240178057760344
0.043347782594198,18.261269917281293,0.24027987350934
0.0435145048349449,18.28410751975548,0.2405803998026361
0.0436812270756918,18.31759336959842,0.2410209899723405
0.0438479493164388,18.35968963797991,0.2415748361769732
0.0440146715571857,18.41075462182303,0.2422467561793179
0.0441813937979326,18.46736314466398,0.2429916572796847
0.0443481160386795,18.523971667504927,0.2437365583800515
0.0445148382794264,18.586919224454498,0.244564781255979
0.0446815605201733,18.652724098055057,0.2454305613831564
0.0448482827609203,18.71916176471601,0.2463047132742135
0.0450150050016672,18.78631690601742,0.2471883572546369
0.0451817272424141,18.85347204731883,0.2480720012350602
0.045348449483161,18.91322442030081,0.2488582424151458
0.0455151717239079,18.97116948665722,0.2496207037443966
0.0456818939646548,19.025414092207832,0.2503344682195245
0.0458486162054017,19.06455759337489,0.250849507099151
0.0460153384461487,19.10370109454194,0.2513645459787776
0.0461820606868956,19.13756251116251,0.251810075555178
0.0463487829276425,19.1570045118294,0.2520658536145311
0.0465155051683894,19.17644651249629,0.2523216316738843
0.0466822274091363,19.19041872311858,0.252505502672425
0.0468489496498832,19.184475886083494,0.2524273265190854
0.0470156718906302,19.17777,0.2523391
0.0471823941313771,19.171070194926838,0.2522509446700899
0.047349116372124,19.16437421933268,0.2521628227310591
0.0475158386128709,19.1576774789703,0.252074693144346
0.0476825608536178,19.15098762952811,0.2519866324668349
0.0478492830943647,19.144294763013765,0.2518985873347227
0.0480160053351117,19.13760103972353,0.251810618549491
0.0481827275758586,19.13091653228596,0.2517226211542135
0.0483494498166055,19.124232862269704,0.2516346450075898
0.0485161720573524,19.11755082349081,0.2515467223321491
0.0486828942980993,19.11087482703369,0.2514588600799261
0.0488496165388462,19.10419883057657,0.2513709978277032
0.0490163387795931,19.09752283411946,0.2512831820946283
0.0491830610203401,19.09084916313629,0.2511953965779968
0.049349783261087,19.084180840238325,0.2511076110613652
0.0495165055018339,19.077512517340352,0.2510199022706562
0.0496832277425808,19.070849284014205,0.2509321845599684
0.0498499499833277,19.06418826639577,0.2508444864780384
0.0500166722240746,19.057527248777347,0.2507568376779008
0.0501833944648216,19.05086623115892,0.250669257989991
0.0503501167055685,19.044209404563947,0.2505816819878603
0.0505168389463154,19.0375556667462,0.2504941206939707
0.0506835611870623,19.030901928928444,0.2504066174898466
0.0508502834278092,19.02425422153617,0.2503191142857226
0.0510170056685561,19.01760776351909,0.2502316441838602
0.051183727909303,19.010961659529745,0.2501442201275424
0.05135045015005,19.004319569536467,0.2500568680657858
0.0515171723907969,18.99767761789098,0.249969514389042
0.0516838946315438,18.99103889982237,0.249882122965504
0.0518506168722907,18.98440392434196,0.2497948160601772
0.0520173391130376,18.977771621525488,0.2497075682692898
0.0521840613537845,18.971144311731884,0.2496203226423223
0.0523507835945315,18.96451700501945,0.2495330600065058
0.0525175058352784,18.9578915575469,0.2494459120478499
0.0526842280760253,18.951268774977557,0.2493588222875391
0.0528509503167722,18.944646941923647,0.249271636103791
0.0530176725575191,18.9380273899737,0.2491845543980882
0.053184394798266,18.931426055640504,0.2490977507364184
0.053351117039013,18.9276706224668,0.2490483199178223
0.0535178392797599,18.934263525530486,0.2491350596829162
0.0536845615205068,18.953897659139635,0.249393379827552
0.0538512837612537,18.984073746297245,0.2497904372545318
0.0540180060020006,19.020244097291485,0.2502663891072387
0.0541847282427475,19.065115005222875,0.2508568172512215
0.0543514504834945,19.11310540202181,0.251488289608674
0.0545181727242414,19.161095798820742,0.2521197619661265
0.0546848949649883,19.214686931126963,0.2528249013265207
0.0548516172057352,19.269614306255303,0.2535476164149207
0.0550183394464821,19.32425919522832,0.2542666002770529
0.055185061687229,19.378859097321325,0.2549849899287248
0.0553517839279759,19.42764445662374,0.2556268936050516
0.0555185061687229,19.472396861187377,0.2562157467685819
0.0556852284094698,19.517149265751016,0.2568045999321122
0.0558519506502167,19.549151546034388,0.2572256654437761
0.0560186728909636,19.578676481012717,0.2576141298652499
0.0561853951317105,19.60820141599104,0.2580025942867238
0.0563521173724574,19.623269228925427,0.2582008762744755
0.0565188396132044,19.631212932959453,0.2583054447450928
0.0566855618539513,19.625475529728394,0.2582299409924148
0.0568522840946982,19.618621390665474,0.2581398173833184
0.0570190063354451,19.61176763203568,0.2580495848107944
0.057185728576192,19.604914345019896,0.2579594419325381
0.0573524508169389,19.598068093387013,0.2578692628820845
0.0575191730576858,19.59121593472705,0.2577792158866454
0.0576858952984328,19.584372177328827,0.2576891947455599
0.0578526175391797,19.57753425818443,0.2575991850107264
0.0580193397799266,19.57069686154136,0.2575091762967086
0.0581860620206735,19.563860225417358,0.2574192010676788
0.0583527842614204,19.55702445349338,0.2573292638886191
0.0585195065021673,19.5501886815694,0.2572393267095594
0.0586862287429143,19.54335843475585,0.2571494631986387
0.0588529509836612,19.536532906246347,0.2570596625984387
0.0590196732244081,19.529707377736845,0.2569698619982386
0.059186395465155,19.522887062022203,0.2568801239515769
0.0593531177059019,19.516070069691427,0.2567904257855216
0.0595198399466488,19.50925307736065,0.2567007276194662
0.0596865621873957,19.502436085029878,0.2566110294534108
0.0598532844281427,19.495619092699098,0.2565213312873555
0.0600200066688896,19.48880210036832,0.2564316331213002
0.0601867289096365,19.48199410985165,0.2563420378331204
0.0603534511503834,19.47518906817109,0.2562524762459246
0.0605201733911303,19.46838402649053,0.2561629146587288
0.0606868956318772,19.46158461553269,0.2560734375323739
0.0608536178726242,19.45478640279511,0.2559839783793229
0.0610203401133711,19.447988190057533,0.2558945192262719
0.061187062354118,19.441193036095783,0.2558051518364958
0.0613537845948649,19.434398237829694,0.2557157951175895
0.0615205068356118,19.427603439563605,0.2556264383986832
0.0616872290763587,19.420818547868425,0.2555371477235829
0.0618539513171057,19.414033993016808,0.2554478592941064
0.0620206735578526,19.40724970043176,0.2553585747986284
0.0621873957985995,19.40047197452312,0.2552693888032967
0.0623541180393464,19.393694248614487,0.2551802028079649
0.0625208402800933,19.38691689725361,0.2550910243035882
0.0626875625208402,19.38014258581646,0.2550019065976863
0.0628542847615871,19.373368274379317,0.2549127888917843
0.0630210070023341,19.366596262671973,0.2548236669161611
0.063187729243081,19.35983298102841,0.2547345655398475
0.0633544514838279,19.35328399394149,0.2546484385084055
0.0635211737245748,19.351782821876505,0.2546287063723022
0.0636878959653217,19.36176802187748,0.2547600610086256
0.0638546182060686,19.383698175227973,0.2550486563386724
0.0640213404468156,19.412173627565277,0.2554233613021428
0.0641880626875625,19.447691364861463,0.2558906532428608
0.0643547849283094,19.48646142820909,0.2564007649831712
0.0645215071690563,19.53108266714481,0.2569879127162142
0.0646882294098032,19.575703906080527,0.2575750604492571
0.0648549516505501,19.622134779623284,0.2581860025122314
0.0650216738912971,19.66919295185588,0.258805192733112
0.065188396132044,19.71625112408848,0.2594243829539925
0.0653551183727909,19.75664715670021,0.2599559099565818
0.0655218406135378,19.796550761424044,0.2604809573871585
0.0656885628542847,19.83140763717707,0.2609395998080342
0.0658552850950316,19.85799612667357,0.2612894465569505
0.0660220073357785,19.884584616170063,0.2616392933058668
0.0661887295765255,19.904771772775867,0.2619049078489025
0.0663554518172724,19.91698737265286,0.2620656276416582
0.0665221740580193,19.914873015503595,0.2620378090057058
0.0666888962987662,19.90803506085117,0.2619477793538007
0.0668556185395131,19.901082840322545,0.2618562693829782
0.06702234078026,19.894123912053843,0.2617647776611881
0.067189063021007,19.887174752212747,0.2616733404365829
0.0673557852617539,19.880226165528,0.2615818974804141
0.0675225075025008,19.873282713166617,0.2614905073900271
0.0676892297432477,19.866338419002155,0.2613991500460541
0.0678559519839946,19.85939680250175,0.2613078272092531
0.0680226742247415,19.85245792791398,0.2612165421538452
0.0681893964654885,19.84551781702584,0.2611253050022893
0.0683561187062354,19.83858894205084,0.2610340765944907
0.0685228409469823,19.831659480348428,0.2609428705357833
0.0686895631877292,19.82472896607065,0.2608517045708265
0.0688562854284761,19.81779845179288,0.2607605386058698
0.069023007669223,19.81087852026964,0.2606694801341312
0.0691897299099699,19.803960712703123,0.2605784432362601
0.0693564521507169,19.797042905136607,0.260487406338389
0.0695231743914638,19.79012509757009,0.260396369440518
0.0696898966322107,19.783211624211845,0.2603053954557871
0.0698566188729576,19.77630418174199,0.2602145090123333
0.0700233411137045,19.769396739272132,0.2601236225688796
0.0701900633544514,19.762489296802283,0.2600327361254259
0.0703567855951984,19.755581854332423,0.2599418496819721
0.0705235078359453,19.748674411862574,0.2598509632385183
0.0706902300766922,19.741776374743328,0.2597601963567711
0.0708569523174391,19.734879142332527,0.2596694397045537
0.071023674558186,19.727981909921724,0.2595786830523363
0.0711903967989329,19.721091455057937,0.2594880280633241
0.0713571190396799,19.71420105159012,0.2593973738452515
0.0715238412804268,19.707311083555272,0.2593067239815086
0.0716905635211737,19.700427509030437,0.2592161380528657
0.0718572857619206,19.69354393450559,0.2591255521242228
0.0720240080026675,19.68666128224267,0.2590349846408184
0.0721907302434144,19.67978453666081,0.2589445352910351
0.0723574524841613,19.67290779107895,0.258854085941252
0.0725241747249083,19.66603245458796,0.258763643636923
0.0726908969656552,19.65916253794908,0.2586732284318547
0.0728576192064021,19.6522926213102,0.2585828132267863
0.073024341447149,19.645424260806134,0.2584924139076239
0.0731910636878959,19.638557705863438,0.2584020954646454
0.0733577859286428,19.63171302455368,0.2583120079241085
0.0735245081693898,19.62701489510778,0.2582502396853529
0.0736912304101367,19.63049281455833,0.2582959791389254
0.0738579526508836,19.646069422962476,0.2585009480168434
0.0740246748916305,19.66958202262592,0.2588103131324393
0.0741913971323774,19.701120033330508,0.2592252734767214
0.0743581193731243,19.734742576502036,0.2596676612862661
0.0745248416138712,19.772389939188905,0.260163010844579
0.0746915638546182,19.81332925945086,0.2607016785763857
0.0748582860953651,19.85484374189492,0.2612479386703791
0.075025008336112,19.89704843270848,0.2618033097805146
0.0751917305768589,19.939253123522032,0.2623586808906501
0.0753584528176058,19.9749049685718,0.2628277883379992
0.0755251750583527,20.009272369527164,0.2632799869710376
0.0756918972990997,20.040983078358003,0.2636972261717628
0.0758586195398466,20.06280838012526,0.2639843832241136
0.0760253417805935,20.08463368189252,0.2642715402764644
0.0761920640213404,20.102755843629858,0.26450996665246
0.0763587862620873,20.108969560363388,0.2645917220380775
0.0765255085028342,20.103887947880256,0.2645248533224433
0.0766922307435811,20.096871213075666,0.2644325295785696
0.0768589529843281,20.089852431048342,0.2643401439403457
0.077025675225075,20.08282905885804,0.2642477611344007
0.0771923974658219,20.075815062229324,0.2641554719544681
0.0773591197065688,20.0687990008142,0.2640632051201866
0.0775258419473157,20.061790493920952,0.2639709491208958
0.0776925641880626,20.05478389665632,0.2638787425933295
0.0778592864288096,20.04777507023273,0.2637865709632986
0.0780260086695565,20.04077327986532,0.2636944371174469
0.0781927309103034,20.0337736133098,0.2636023146766333
0.0783594531510503,20.02677394675428,0.2635101922358197
0.0785261753917972,20.01978001260832,0.2634181557811496
0.0786928976325441,20.012787174995783,0.2633261357744806
0.0788596198732911,20.005794337383247,0.2632341157678118
0.079026342114038,19.998804609389964,0.2631421579535279
0.0791930643547849,19.99181518624892,0.2630502062362889
0.0793597865955318,19.98482576310787,0.2629582545190498
0.0795265088362787,19.977853105135445,0.2628665039838341
0.0796932310770256,19.97088075435185,0.2627747571348845
0.0798599533177725,19.96390840356825,0.2626830102859349
0.0800266755585195,19.95693605278466,0.2625912634369852
0.0801933977992664,19.949963702001064,0.2624995165880355
0.0803601200400133,19.94299135121747,0.2624077697390859
0.0805268422807602,19.93601900043388,0.2623160228901363
0.0806935645215071,19.92904664965028,0.2622242760411866
0.080860286762254,19.92207697408928,0.2621325626325194
0.081027009003001,19.91511828119165,0.2620409865071442
0.0811937312437479,19.90815958829401,0.2619494103817691
0.0813604534844948,19.901202719836625,0.2618578616229975
0.0815271757252417,19.894250855881968,0.2617663879317671
0.0816938979659886,19.88729899192732,0.2616749142405368
0.0818606202067355,19.880349439241847,0.2615834752183441
0.0820273424474824,19.873404404230172,0.2614921039612584
0.0821940646882294,19.866459369218507,0.2614007327041727
0.0823607869289763,19.85951713230496,0.2613094034185588
0.0825275091697232,19.852578926236276,0.2612181345956179
0.0826942314104701,19.845640720167584,0.2611268657726769
0.082860953651217,19.838704735123105,0.261035592167963
0.0830276758919639,19.831771456203946,0.2609443376926221
0.0831943981327109,19.82483701980053,0.2608531919494999
0.0833611203734578,19.81791801095755,0.2607620493343026
0.0835278426142047,19.81184713489761,0.2606822585682898
0.0836945648549516,19.81238196323797,0.2606891946197503
0.0838612870956985,19.82351701053952,0.2608358069757917
0.0840280093364454,19.84461809041414,0.261113405078779
0.0841947315771923,19.870327067247054,0.2614516030764024
0.0843614538179393,19.903613603774527,0.2618896111841146
0.0845281760586862,19.936900140302,0.2623276192918268
0.0846948982994331,19.97401940180888,0.2628160550000606
0.08486162054018,20.012976915476397,0.26332867680203
0.0850283427809269,20.05145245445512,0.2638349536593792
0.0851950650216738,20.08962085335076,0.264337187178223
0.0853617872624208,20.12281392064101,0.2647739224335468
0.0855285095031677,20.151673133147916,0.2651536042128068
0.0856952317439146,20.18053234565481,0.2655332859920669
0.0858619539846615,20.20047239354484,0.2657956407467891
0.0860286762254084,20.21674576466855,0.2660097622539581
0.0861953984661553,20.23301913579225,0.2662238837611272
0.0863621207069023,20.238447506529653,0.2662953332799735
0.0865288429476492,20.232167605151684,0.2662127217427084
0.0866955651883961,20.225099162889254,0.2661196888385235
0.086862287429143,20.2180349638706,0.2660267212678774
0.0870290096698899,20.21097061443722,0.2659337821579828
0.0871957319106368,20.203909387121374,0.2658408957861625
0.0873624541513837,20.19685149351176,0.2657480318505169
0.0875291763921307,20.189791673409413,0.2656551272262181
0.0876958986328776,20.18273711189421,0.2655623623779434
0.0878626208736245,20.175686769861457,0.2654696162684342
0.0880293431143714,20.168638717622265,0.2653768526769019
0.0881960653551183,20.16159368243349,0.2652841606598375
0.0883627875958652,20.154549627748597,0.2651914919035855
0.0885295098366122,20.1475055730637,0.2650988231473334
0.0886962320773591,20.1404699795736,0.2650062107990466
0.088862954318106,20.133436168303174,0.2649136103322243
0.0890296765588529,20.126402357032752,0.264821009865402
0.0891963987995998,20.119374673387803,0.2647285625892166
0.0893631210403467,20.11234769106036,0.2646361328459689
0.0895298432810936,20.10532070873292,0.2645437031027211
0.0896965655218406,20.09829372640548,0.2644512733594734
0.0898632877625875,20.091266744078037,0.2643588436162256
0.0900300100033344,20.084240306431347,0.2642664179580836
0.0901967322440813,20.077226981989867,0.2641740906489805
0.0903634544848282,20.070213657548383,0.2640817633398775
0.0905301767255751,20.063201092276227,0.2639894512141609
0.0906968989663221,20.05619459677773,0.2638972604839175
0.090863621207069,20.049188101279228,0.263805069753674
0.0910303434478159,20.04218222877986,0.2637128914834133
0.0911970656885628,20.035179147752853,0.2636207690425997
0.0913637879293097,20.028176066725845,0.2635286466017861
0.0915305101700566,20.021175584939645,0.2634365501533806
0.0916972324108035,20.01418274732711,0.2633445301467117
0.0918639546515505,20.00718990971457,0.2632525101400428
0.0920306768922974,20.000199291758182,0.2631605234282161
0.0921973991330443,19.993213283088625,0.263068605855692
0.0923641213737912,19.98622727441907,0.2629766882831678
0.0925308436145381,19.97924397223461,0.2628847977754946
0.092697565855285,19.972264792508028,0.2627929484924002
0.092864288096032,19.965285612781454,0.2627010992093058
0.0930310103367789,19.958309146373438,0.2626092829587214
0.0931977325775258,19.95133476899864,0.2625174953314479
0.0933644548182727,19.944364109222853,0.2624257785280345
0.0935311770590196,19.93776554953483,0.2623390241819707
0.0936978992997665,19.936136084662987,0.2623176111835248
0.0938646215405135,19.94485872248604,0.2624323471141169
0.0940313437812604,19.963340676284293,0.2626755403648736
0.0941980660220073,19.987082580061585,0.2629879152386581
0.0943647882627542,20.016938493576344,0.2633807465434588
0.0945315105035011,20.047548887064668,0.2637835114538773
0.094698232744248,20.08351858993071,0.2642568379001987
0.0948649549849949,20.119669786699177,0.2647325332388907
0.0950316772257419,20.15620479232097,0.2652132381225435
0.0951983994664888,20.192739797942764,0.2656939430061964
0.0953651217072357,20.222831863233424,0.2660898780587641
0.0955318439479826,20.25142642625096,0.2664661104587823
0.0956985661887295,20.27829569377024,0.2668196488703191
0.0958652884294764,20.29511879480392,0.2670410432017629
0.0960320106702234,20.31194189583759,0.2672624375332067
0.0961987329109703,20.32617417960432,0.2674497261975363
0.0963654551517172,20.32692499457304,0.2674594843037711
0.0965321773924641,20.32012387905951,0.2673700472035855
0.096698899633211,20.313027113840064,0.2672765948512008
0.0968656218739579,20.305924184058043,0.2671832800900976
0.0970323441147048,20.29882931043756,0.2670899047062008
0.0971990663554518,20.291745994273203,0.2669965595906984
0.0973657885961987,20.284653308219205,0.2669033236850127
0.0975325108369456,20.277564634615864,0.2668100684609889
0.0976992330776925,20.27048204607665,0.2667168699782282
0.0978659553184394,20.263402226619014,0.2666237079743179
0.0980326775591863,20.256321025163995,0.266530561493027
0.0981993997999333,20.249242281286268,0.2664374320076599
0.0983661220406802,20.24217091082945,0.2663443535148289
0.0985328442814271,20.23509954037263,0.266251275021998
0.098699566522174,20.22803036386085,0.2661582404080677
0.0988662887629209,20.220965822347008,0.2660652984940964
0.0990330110036678,20.21390128083317,0.2659723565801251
0.0991997332444147,20.206841654071628,0.2658794772175466
0.0993664554851617,20.19978963228659,0.2657866946455782
0.0995331777259086,20.19273761050155,0.2656939120736097
0.0996998999666555,20.18568558871651,0.2656011295016413
0.0998666222074024,20.17863356693147,0.2655083469296729
0.1000333444481493,20.17158154514643,0.2654155643577044
0.1002000666888962,20.16452952336139,0.265322781785736
0.1003667889296432,20.157477501576352,0.2652299992137676
0.1005335111703901,20.15042547979131,0.2651372166417992
0.100700233411137,20.143382430738026,0.2650445445034523
0.1008669556518839,20.136345204996108,0.26495194403663
0.1010336778926308,20.129307979254197,0.2648593435698077
0.1012004001333777,20.12227538160203,0.2647668125243317
0.1013671223741247,20.1152449848031,0.2646743144916541
0.1015338446148716,20.108214588004163,0.2645818164589765
0.1017005668556185,20.10119186358327,0.2644893951500794
0.1018672890963654,20.094171710198808,0.2643969995515466
0.1020340113371123,20.087151556814348,0.2643046039530137
0.1022007335778592,20.080134204303704,0.2642122643719573
0.1023674558186061,20.07311746539073,0.2641199370628542
0.1025341780593531,20.066100726477764,0.2640276097537512
0.1027009003001,20.05909007614137,0.2639353737732969
0.1028676225408469,20.05208016617138,0.2638431488983385
0.1030343447815938,20.045070256201388,0.2637509240233802
0.1032010670223407,20.038070096657584,0.2636587674335901
0.1033677892630876,20.0310642194778,0.2635667028878657
0.1035345115038346,20.02425592553762,0.2634770790071682
0.1037012337445815,20.02173193473544,0.2634438164124216
0.1038679559853284,20.028426659019665,0.2635320010618808
0.1040346782260753,20.0447540179934,0.2637467957759719
0.1042014004668222,20.06759140439446,0.2640472537675838
0.1043681227075691,20.096435284023148,0.2644268089994647
0.1045348449483161,20.127438294273237,0.2648347970068539
0.104701567189063,20.15929631101767,0.2652540177784316
0.1048682894298099,20.19490832345169,0.2657225571793114
0.1050350116705568,20.229973988008496,0.2661839153370392
0.1052017339113037,20.2639301714019,0.266630690379614
0.1053684561520506,20.29351917727084,0.2670200044453538
0.1055351783927976,20.31788107514892,0.2673405430309361
0.1057019006335445,20.342242973026995,0.2676610816165184
0.1058686228742914,20.359912883921684,0.2678935847578811
0.1060353451150383,20.372211810230453,0.2680554307065306
0.1062020673557852,20.384510736539223,0.2682172766551802
0.1063687895965321,20.388313042716742,0.2682671999899504
0.106535511837279,20.381340600861645,0.2681755313052683
0.106702234078026,20.37422,0.2680818156703446
0.1068689563187729,20.367100313443824,0.267988146465446
0.1070356785595198,20.35998349090184,0.2678945145680866
0.1072024008002667,20.352866206326365,0.2678009288772788
0.1073691230410136,20.345763939414063,0.2677073241278569
0.1075358452817605,20.338654318531013,0.2676138263506016
0.1077025675225075,20.33154346981283,0.2675203241212756
0.1078692897632544,20.324443199360434,0.2674268810945934
0.1080360120040013,20.317344437097294,0.2673334547962054
0.1082027342447482,20.31024850747565,0.2672401002946722
0.1083694564854951,20.303152577854007,0.2671467457931389
0.108536178726242,20.296058846345115,0.2670534121782989
0.108702900966989,20.288970403530847,0.2669601288171785
0.1088696232077359,20.28188196071657,0.2668668454560581
0.1090363454484828,20.274794763799267,0.2667735994718467
0.1092030676892297,20.267709735456485,0.266680418544871
0.1093697899299766,20.260624707113703,0.2665872376178954
0.1095365121707235,20.253545636016668,0.2664941162633772
0.1097032344114704,20.246474265559847,0.2664010719152611
0.1098699566522174,20.23940289510303,0.2663080275671451
0.1100366788929643,20.23233152464621,0.2662149832190291
0.1102034011337112,20.22526015418939,0.266121938870913
0.1103701233744581,20.21818878373257,0.266028894522797
0.110536845615205,20.211125317837265,0.2659359292202961
0.1107035678559519,20.20406760526641,0.2658430214510396
0.1108702900966989,20.197009892695554,0.2657501136817832
0.1110370123374458,20.189954399679547,0.2656572724991723
0.1112037345781927,20.18290010158018,0.2655644671640606
0.1113704568189396,20.17584580348081,0.2654716618289489
0.1115371790596865,20.16879643132009,0.2653789057532237
0.1117039013004334,20.161748962163703,0.2652861687075418
0.1118706235411803,20.15470149300732,0.2651934316618599
0.1120373457819273,20.147662143002314,0.2651008028715297
0.1122040680226742,20.1406249172604,0.2650082024047074
0.1123707902634211,20.133587691518485,0.2649156019378851
0.112537512504168,20.12655341557484,0.2648230604670282
0.1127042347449149,20.11951960430441,0.2647305282896357
0.1128709569856618,20.11248579303399,0.2646379961122432
0.1130376792264088,20.105458919423445,0.2645455074157145
0.1132044014671557,20.098435145703117,0.2644531100797685
0.1133711237079026,20.091408469738763,0.2643606377597206
0.1135378459486495,20.084503750262225,0.2642698616969601
0.1137045681893964,20.08125881186611,0.2642271251189803
0.1138712904301433,20.086721072889578,0.2642989705773937
0.1140380126708903,20.101949656073124,0.264499350810694
0.1142047349116372,20.123907759172248,0.2647883283511815
0.1143714571523841,20.15154687145864,0.265152012191443
0.114538179393131,20.181477957016487,0.2655458358953531
0.1147049016338779,20.21247471752964,0.2659536763727219
0.1148716238746248,20.24696963395913,0.2664075279332629
0.1150383461153717,20.28082790482233,0.2668530008967275
0.1152050683561187,20.313783267953184,0.2672865911102176
0.1153717905968656,20.342047620762948,0.2676584894239008
0.1155385128376125,20.36559867596866,0.2679684027357088
0.1157052350783594,20.38914973117437,0.2682783160475167
0.1158719573191063,20.40543703025882,0.2684926026529668
0.1160386795598532,20.417141838528245,0.2686465611724733
0.1162054018006002,20.428846646797663,0.2688005196919798
0.1163721240413471,20.43105056061405,0.2688295965013672
0.116538846282094,20.424001554027264,0.2687367702023544
0.1167055685228409,20.41686312197536,0.2686428864230459
0.1168722907635878,20.40973155531461,0.2685490766635043
0.1170390130043347,20.40259859581139,0.2684552111671497
0.1172057352450816,20.395473873700517,0.2683614640784657
0.1173724574858286,20.3883487876476,0.2682677144439061
0.1175391797265755,20.381223533188837,0.2681739747624332
0.1177059019673224,20.37410547763884,0.2680802962819738
0.1178726242080693,20.366989719052647,0.2679866373289895
0.1180393464488162,20.35987396046645,0.2678929783760051
0.1182060686895631,20.35276103383713,0.2677994043817269
0.1183727909303101,20.345648689722424,0.2677058478628873
0.118539513171057,20.33853634560772,0.2676122913440477
0.1187062354118039,20.33143322760704,0.2675188270863484
0.1188729576525508,20.32433112690681,0.2674253730016535
0.1190396798932977,20.31722902620657,0.2673319189169586
0.1192064021340446,20.31013522247088,0.2672385975836963
0.1193731243747915,20.303041657949368,0.267145280077861
0.1195398466155385,20.295948093427864,0.2670519625720257
0.1197065688562854,20.28885452890636,0.2669586450661904
0.1198732910970323,20.281760964384848,0.2668653275603552
0.1200400133377792,20.27466876886477,0.2667720257002505
0.1202067355785261,20.267587154993485,0.2666788447732749
0.120373457819273,20.2605055411222,0.2665856638462993
0.12054018006002,20.253425196366383,0.2664925019560558
0.1207069023007669,20.246350411438076,0.2663994234632248
0.1208736245415138,20.23927562650976,0.2663063449703938
0.1210403467822607,20.23220347549808,0.2662132840370071
0.1212070690230076,20.225138933984244,0.266120273833606
0.1213737912637545,20.218074392470403,0.2660272636302048
0.1215405135045015,20.21101097234325,0.2659342982822709
0.1217072357452484,20.2039498453009,0.2658414246577294
0.1218739579859953,20.196888718258556,0.2657485510331879
0.1220406802267422,20.189831685619662,0.2656557047046695
0.1222074024674891,20.18278080199179,0.2655628993695578
0.122374124708236,20.175729918363917,0.2654700940344461
0.1225408469489829,20.16868064295166,0.2653773208636468
0.1227075691897299,20.161633173795277,0.2652845838179649
0.1228742914304768,20.15458570463889,0.265191846772283
0.1230410136712237,20.147539428019478,0.2650991909506007
0.1232077359119706,20.140495117446918,0.2650065817249774
0.1233744581527175,20.133466087040706,0.2649140011452724
0.1235411803934644,20.126504161046547,0.2648225540936051
0.1237079026342114,20.122900293264628,0.2647750263857563
0.1238746248749583,20.127746508096376,0.2648388005716334
0.1240413471157052,20.14214830156351,0.2650283202300029
0.1242080693564521,20.163694956193247,0.2653118323326818
0.124374791597199,20.18870099777949,0.265640839150506
0.1245415138379459,20.21865803520623,0.2660349947288348
0.1247082360786928,20.25024697405096,0.2664506240385245
0.1248749583194398,20.282648846504305,0.2668769762095985
0.1250416805601867,20.315609864295475,0.2673107036913837
0.1252084028009336,20.348570882086648,0.2677444311731691
0.1253751250416805,20.3748077761246,0.2680896224400913
0.1255418472824274,20.400692787558423,0.2684301804856468
0.1257085695231743,20.42287333680685,0.2687220088685573
0.1258752917639213,20.43769555754709,0.2689170434800945
0.1260420140046682,20.452517778287344,0.2691120780916317
0.1262087362454151,20.46281409789737,0.2692475401578444
0.126375458486162,20.459992698497228,0.269210427116866
0.1265421807269089,20.45292771075637,0.2691174579306031
0.1267089029676558,20.44578,0.2690234
0.1268756252084028,20.43863643255741,0.2689293873782032
0.1270423474491497,20.4314937249965,0.2688354838583877
0.1272090696898966,20.424353677968696,0.2687415383679355
0.1273757919306435,20.417218886074487,0.268647647882192
0.1275425141713904,20.410086455458664,0.2685537637428326
0.1277092364121373,20.40295654416262,0.2684599593570799
0.1278759586528843,20.395823647872334,0.26836615440144
0.1280426808936312,20.38869699679985,0.2682723896422041
0.1282094031343781,20.381577617583964,0.2681786202723692
0.128376125375125,20.374458403636847,0.2680849749309749
0.1285428476158719,20.36733957735424,0.2679913644748487
0.1287095698566188,20.36022300765398,0.2678977287500805
0.1288762920973657,20.35311146546046,0.267804118775359
0.1290430143381127,20.34600041411599,0.2677105113146841
0.1292097365788596,20.338895883613304,0.2676170280312875
0.1293764588196065,20.33179378291307,0.2675235910189501
0.1295431810603534,20.32469168221284,0.2674301540066127
0.1297099033011003,20.317589581512607,0.2673367169942752
0.1298766255418472,20.310487480812373,0.2672432799819377
0.1300433477825942,20.30338538011214,0.2671498429696003
0.1302100700233411,20.2962951769515,0.2670565100607343
0.130376792264088,20.289206734137228,0.266963192554899
0.1305435145048349,20.28211829132296,0.2668698750490638
0.1307102367455818,20.27503306630805,0.2667766540772096
0.1308769589863287,20.267948037965272,0.266683439005519
0.1310436812270757,20.260863103107194,0.2665902258035224
0.1312104034678226,20.253784903707395,0.2664971473106915
0.1313771257085695,20.246706704307595,0.2664040688178606
0.1315438479493164,20.23962937537826,0.2663109932265979
0.1317105701900633,20.23256141939293,0.2662179488784818
0.1318772924308102,20.2254934634076,0.2661249045303658
0.1320440146715571,20.21842657456486,0.2660318815251015
0.1322107369123041,20.211365447522518,0.2659389737558451
0.132377459153051,20.20430432048017,0.2658460659865886
0.1325441813937979,20.197243970423585,0.2657531737570475
0.1327109036345448,20.190186257852726,0.2656603342772209
0.1328776258752917,20.18312854528187,0.2655674947973943
0.1330443481160386,20.176074527270373,0.2654746765979023
0.1332110703567856,20.16902482756472,0.2653819097245086
0.1333777925975325,20.161977262601823,0.2652891872801777
0.1335445148382794,20.15500094812412,0.2651974545805805
0.1337112370790263,20.150996848143023,0.2651446515828253
0.1338779593197732,20.155172123241744,0.2651996650697057
0.1340446815605201,20.16874125695305,0.2653782363597404
0.1342114038012671,20.19084202002592,0.2656690092179292
0.134378126042014,20.216470375432845,0.2660062035911787
0.1345448482827609,20.24613092926693,0.266396459866794
0.1347115705235078,20.27579148310101,0.2667867161424092
0.1348782927642547,20.30758636991989,0.2672050745374168
0.1350450150050016,20.339709977501624,0.2676277610996741
0.1352117372457486,20.371432612323844,0.2680451706779699
0.1353784594864955,20.39740376320333,0.2683868881106024
0.1355451817272424,20.423374914082828,0.268728605543235
0.1357119039679893,20.443873546921992,0.2689983185238648
0.1358786262087362,20.459098675298115,0.2691986455662122
0.1360453484494831,20.47432380367424,0.2693989726085597
0.13621207069023,20.483146109155804,0.2695151342030091
0.136378792930977,20.479393112309527,0.2694657419252642
0.1365455151717239,20.47227500043575,0.269372034096653
0.1367122374124708,20.46511781777157,0.2692779331763055
0.1368789596532177,20.457975181430267,0.2691838234311861
0.1370456818939646,20.450826117751127,0.2690898065477137
0.1372124041347115,20.44367879693349,0.2689958292946506
0.1373791263754585,20.436536656636125,0.2689018452877658
0.1375458486162054,20.429401070376105,0.2688078843236548
0.1377125708569523,20.42226614615471,0.2687139467007146
0.1378792930976992,20.415133315211055,0.2686200828794409
0.1380460153384461,20.40800048426741,0.2685262190581671
0.138212737579193,20.40086978098932,0.2684323871518768
0.1383794598199399,20.393743778988657,0.2683386257647477
0.1385461820606869,20.38661777698799,0.2682448643776187
0.1387129043014338,20.379494389481824,0.2681511422079071
0.1388796265421807,20.37237521642414,0.2680574832549228
0.1390463487829276,20.36525604336645,0.2679638243019385
0.1392130710236745,20.358143589842896,0.2678702480509127
0.1393797932644214,20.351039212828336,0.2677767712030745
0.1395465155051684,20.343934835813776,0.2676832943552363
0.1397132377459153,20.336830458799216,0.2675898175073982
0.1398799599866622,20.329726081784656,0.26749634065956
0.1400466822274091,20.322621704770096,0.2674028638117218
0.140213404468156,20.315517327755536,0.2673093869638837
0.1403801267089029,20.308412950740976,0.2672159101160455
0.1405468489496499,20.301308573726413,0.2671224332682073
0.1407135711903968,20.29421256003069,0.2670290856716603
0.1408802934311437,20.287120702744925,0.2669358023105399
0.1410470156718906,20.280028845459164,0.2668425189494195
0.1412137379126375,20.272944561132228,0.2667493113178874
0.1413804601533844,20.26586294726093,0.2666561303909117
0.1415471823941313,20.25878133338965,0.2665629494639361
0.1417139046348783,20.251705254986515,0.266469823891642
0.1418806268756252,20.244630470058205,0.2663767112540962
0.1420473491163721,20.23755568512989,0.2662835986165504
0.142214071357119,20.230486922498688,0.266190576313461
0.1423807935978659,20.22341896651336,0.2660975661100599
0.1425475158386128,20.216351010528037,0.2660045559066588
0.1427142380793598,20.20928956366875,0.2659116433401483
0.1428809603201067,20.20222843662641,0.2658187355708919
0.1430476825608536,20.195167299512605,0.2657258291174717
0.1432144048016005,20.18810599287944,0.2656329794868066
0.1433811270423474,20.1810484567432,0.2655401259727957
0.1435478492830943,20.17406676985501,0.2654482771849012
0.1437145715238412,20.17025740893557,0.2653980958803426
0.1438812937645882,20.174340859438416,0.2654517954267991
0.1440480160053351,20.188144282655184,0.2656334509904852
0.144214738246082,20.20849983539989,0.2659012856134438
0.1443814604868289,20.233572243542117,0.2662311436504265
0.1445481827275758,20.26191786611687,0.266604128425868
0.1447149049683227,20.293062748053195,0.267013995272085
0.1448816272090697,20.32473615734178,0.2674307656609409
0.1450483494498166,20.356862747605184,0.2678534554296916
0.1452150716905635,20.3889893378686,0.2682761451984423
0.1453817939313104,20.414158409095624,0.2686073140030729
0.1455485161720573,20.43900083437077,0.2689341860242832
0.1457152384128042,20.46034814589935,0.2692150789057055
0.1458819606535511,20.47419041332182,0.2693972409597235
0.1460486828942981,20.488032680744297,0.2695794030137415
0.146215405135045,20.49761700666341,0.2697054958975364
0.1463821273757919,20.493932303115024,0.2696570145146714
0.1465488496165388,20.4868069906042,0.2695632038872503
0.1467155718572857,20.479648347762087,0.2694690265349179
0.1468822940980326,20.47249129441989,0.2693748890222408
0.1470490163387796,20.465338259260687,0.269280799309927
0.1472157385795265,20.458188203519946,0.2691866827653196
0.1473824608202734,20.451046849003216,0.2690926532329524
0.1475491830610203,20.443905180324435,0.2689986414965226
0.1477159053017672,20.43676210596632,0.268904709385819
0.1478826275425141,20.4296190316082,0.2688107772751154
0.1480493497832611,20.42247855864981,0.2687168625070767
0.148216072024008,20.415345727706168,0.268622998685803
0.1483827942647549,20.40821289676252,0.2685291348645292
0.1485495165055018,20.401082286914303,0.268435304359687
0.1487162387462487,20.39395628491364,0.2683415429725579
0.1488829609869956,20.38683028291297,0.2682477815854289
0.1490496832277425,20.37970698883668,0.2681540608171656
0.1492164054684895,20.372587815779,0.2680604018641812
0.1493831277092364,20.36546864272131,0.2679667429111969
0.1495498499499833,20.358355060481934,0.2678731398663956
0.1497165721907302,20.351247838074464,0.2677796004199135
0.1498832944314771,20.344140615666998,0.2676860609734313
0.150050016672224,20.337033393259524,0.2675925215269492
0.150216738912971,20.32992617085205,0.267498982080467
0.1503834611537179,20.32281894844459,0.2674054426339849
0.1505501833944648,20.315716936551127,0.2673119969767548
0.1507169056352117,20.308618250322382,0.2672186111814897
0.1508836278759586,20.30151956409364,0.2671252253862247
0.1510503501167055,20.29442786072512,0.2670319094195618
0.1512170723574524,20.287339417910854,0.2669386260584414
0.1513837945981994,20.280250975096585,0.2668453426973211
0.1515505168389463,20.273165103316856,0.2667521364672371
0.1517172390796932,20.266080074974077,0.2666589555402614
0.1518839613204401,20.25899504663129,0.2665657746132858
0.152050683561187,20.251918461635565,0.2664726499752904
0.1522174058019339,20.24484367670725,0.2663795373377446
0.1523841280426809,20.237768891778945,0.2662864247001987
0.1525508502834278,20.23070022257761,0.2661934037985576
0.1527175725241747,20.223632266592286,0.2661003935951564
0.1528842947649216,20.216564310606955,0.2660073833917553
0.1530510170056685,20.209494348219074,0.265914462489953
0.1532177392464154,20.20243303813272,0.2658214992084892
0.1533844614871623,20.19537700576312,0.2657286457344836
0.1535511837279093,20.18838341095783,0.2656366289836358
0.1537179059686562,20.184298775631685,0.2655828753343263
0.1538846282094031,20.18829159775171,0.2656354668107683
0.15405135045015,20.202149859070804,0.2658177599386696
0.1542180726908969,20.222072558352384,0.26607991518163
0.1543847949316438,20.24827904720705,0.2664247325258914
0.1545515171723908,20.27592225595195,0.2667884496572521
0.1547182394131377,20.30617140701621,0.2671864558054777
0.1548849616538846,20.338552163014505,0.2676125096341871
0.1550516838946315,20.37017493218602,0.2680285870114602
0.1552184061353784,20.401539067680613,0.2684412603106854
0.1553851283761253,20.42731358066673,0.268780394482457
0.1555518506168723,20.4503663337571,0.2690837201810144
0.1557185728576192,20.47341908684746,0.2693870458795718
0.1558852950983661,20.48709995972149,0.2695670794444216
0.156052017339113,20.49906870836135,0.2697245890924977
0.1562187395798599,20.50864537387277,0.269850613485185
0.1563854618206068,20.504765616708163,0.269799634130976
0.1565521840613537,20.497625701148888,0.2697055810775791
0.1567189063021007,20.49046394746105,0.269611313876777
0.1568856285428476,20.48330663346243,0.2695171902229472
0.1570523507835945,20.47614706154281,0.2694230249250202
0.1572190730243414,20.468995164772725,0.2693288596270932
0.1573857952650883,20.461838131507967,0.2692347943291663
0.1575525175058352,20.4546910982432,0.2691406565558316
0.1577192397465822,20.44754406497844,0.2690466166444532
0.1578859619873291,20.440401454374737,0.268952628696064
0.158052684228076,20.4332614547198,0.2688586736531633
0.1582194064688229,20.42612033486061,0.2687647565316109
0.1583861287095698,20.418984466770507,0.2686708678805933
0.1585528509503167,20.41185298441619,0.268577008638969
0.1587195731910636,20.404723988495377,0.2684831661147186
0.1588862954318106,20.397596496961214,0.2683893919116883
0.1590530176725575,20.39046940427947,0.2682956358224082
0.1592197399133044,20.383343651902425,0.2682018958008349
0.1593864621540513,20.376231307787723,0.2681083165188521
0.1595531843947982,20.369118963673017,0.2680147372368692
0.1597199066355451,20.36200661955831,0.2679211579548863
0.1598866288762921,20.35489427544361,0.2678275786729034
0.160053351117039,20.347781931328903,0.2677339993909205
0.1602200733577859,20.3406695872142,0.2676404201089376
0.1603867955985328,20.33355724309949,0.2675468408269548
0.1605535178392797,20.326444898984786,0.2674532615449719
0.1607202400800266,20.319337757570825,0.2673597412269307
0.1608869623207735,20.312242485813574,0.2672663554316656
0.1610536845615205,20.30514721405632,0.2671729696364006
0.1612204068022674,20.29805322625369,0.2670796095202278
0.1613871290430143,20.290961368967924,0.2669862920143926
0.1615538512837612,20.28386951168217,0.2668929745085573
0.1617205735245081,20.276780709134584,0.2667997180974857
0.161887295765255,20.26969568079181,0.26670653717051
0.162054018006002,20.262610652449023,0.2666133562435344
0.1622207402467489,20.255530936456932,0.26652021073223
0.1623874624874958,20.24845615152862,0.2664270980946842
0.1625541847282427,20.241381366600315,0.2663339854571383
0.1627209069689896,20.234310610068075,0.2662409332455335
0.1628876292097365,20.227242654082747,0.2661479230421324
0.1630543514504835,20.22017469809742,0.2660549128387312
0.1632210736912304,20.213104648629564,0.26596193662229
0.1633877959319773,20.20604307475792,0.2658689835547089
0.1635545181727242,20.19904179189197,0.265776935915016
0.1637212404134711,20.19497375785823,0.2657234288521569
0.163887962654218,20.1989876601153,0.2657761609778551
0.1640546848949649,20.212132247951363,0.2659491207437441
0.1642214071357119,20.23343743477841,0.2662294375097123
0.1643881293764588,20.25721624348937,0.2665422949772312
0.1645548516172057,20.286876259711864,0.2669325387126869
0.1647215738579526,20.316536275934357,0.2673227824481425
0.1648882960986995,20.347515504860503,0.2677304277183029
0.1650550183394464,20.37896166863873,0.2681442322552828
0.1652217405801934,20.410042049009743,0.268553221141354
0.1653884628209403,20.434831036537563,0.2688793819082056
0.1655551850616872,20.45962002406538,0.2692055426750573
0.1657219073024341,20.47949815555358,0.2694671005148963
0.165888629543181,20.493494074193123,0.2696512771070937
0.1660553517839279,20.50748999283267,0.2698354536992911
0.1662220740246748,20.51577870932907,0.2699444348118981
0.1663887962654218,20.511152124909074,0.2698836356890907
0.1665555185061687,20.504005495081973,0.2697895514360656
