time,I(L1),I(L2)
0.0,-2.220446e-13,0.0
0.0001667222407469,1.4616344800574697,0.9995705994951414
0.0003334444814938,2.500231620436155,0.9998928621786692
0.0005001667222407,3.5148890585347505,1.000211336625764
0.0006668889629876,4.486772717874051,1.000524666421286
0.0008336112037345,5.448460995748206,1.0008367918525414
0.0010003334444814,6.343173226165441,1.0011393899470753
0.0011670556852284,7.225350079783315,1.001440204885388
0.0013337779259753,8.107526933401187,1.001741019823701
0.0015005001667222,8.887294926628224,1.0020237412135498
0.0016672224074691,9.657382193050363,1.0023047522172177
0.001833944648216,10.427469459472505,1.0025857632208854
0.0020006668889629,11.063194105896503,1.0028408791877483
0.0021673891297099,11.696861968517378,1.0030955987609391
0.0023341113704568,12.32219602325702,1.0033484565668238
0.0025008336112037,12.80760753376052,1.003570055766557
0.0026675558519506,13.29301904426402,1.0037916549662902
0.0028342780926975,13.758494606774942,1.0040084217894
0.0030010003334444,14.087547224314122,1.0041921203555888
0.0031677225741913,14.4165998418533,1.0043758189217775
0.0033344448149383,14.713689475966188,1.0045511008178776
0.0035011670556852,14.881954631017871,1.004692459937584
0.0036678892964321,15.050219786069556,1.0048338190572903
0.003834611537179,15.174857613209213,1.0049629132070923
0.0040013337779259,15.18158753651698,1.005058859855975
0.0041680560186728,15.18831745982475,1.005154806504858
0.0043347782594198,15.141986108479202,1.0052347845343017
0.0045015005001667,14.993279046125084,1.0052839529237647
0.0046682227409136,14.844571983770964,1.005333121313228
0.0048349449816605,14.63592062258317,1.0053629238865027
0.0050016672224074,14.341949498155792,1.0053651627567353
0.0051683894631543,14.047978373728416,1.0053674016269676
0.0053351117039013,13.65421376949736,1.0053356071791708
0.0055018339446482,13.224049391394184,1.0052913990437984
0.0056685561853951,12.777557689330203,1.0052411999114963
0.005835278426142,12.223139710003762,1.0051513993112962
0.0060020006668889,11.66872173067732,1.0050615987110962
0.0061687229076358,11.091612778091257,1.0049627317706962
0.0063354451483827,10.425246912135936,1.0048282015939705
0.0065021673891297,9.758881046180615,1.004693671417245
0.0066688896298766,9.06595666656658,1.0045473539214975
0.0068356118706235,8.302655320784657,1.0043698014039917
0.0070023341113704,7.53935397500273,1.0041922488864858
0.0071690563521173,6.75045081820769,1.004001374618393
0.0073357785928642,5.912999443749537,1.0037852385730446
0.0075025008336112,5.075548069291384,1.0035691025276965
0.0076692230743581,4.221422003771663,1.0033400232752288
0.007835945315105,3.343941072794671,1.0030928155393166
0.0080026675558519,2.466460141817683,1.0028456078034047
0.0081693897965988,1.5931846411449886,1.0025879130535955
0.0083361120373457,0.7243240707473839,1.0023192088631825
0.0085028342780926,0.014720534132551,1.0020415474919753
0.0086695565188396,4.126801219453495e-08,1.00175
0.0088362787595865,-1.7662545614008312e-08,1.0014517498867614
0.0090030010003334,-1.6839254346950334e-08,1.0011471234506355
0.0091697232410803,-1.617303602321562e-08,1.0008385137473148
0.0093364454818272,-1.5687653865796044e-08,1.000524611691304
0.0095031677225741,-1.5361636756194158e-08,1.0002065635968105
0.0096698899633211,-1.5208795706784536e-08,0.9998864564102964
0.009836612204068,-1.5137755436363374e-08,0.999434702606276
0.0100033344448149,-1.5134947317857725e-08,0.1306913458980441
0.0101700566855618,-1.5198498944766783e-08,-0.9995772753641812
0.0103367789263087,-1.5337080836333554e-08,-0.9998994306191186
0.0105035011670556,-1.5574669969741776e-08,-1.0002190309107664
0.0106702234078026,-1.597703643234421e-08,-1.000535519503133
0.0108369456485495,-1.648164617055431e-08,-1.000850023896108
0.0110036678892964,-1.7418204716129233e-08,-1.0011586153426713
0.0111703901300433,-1.913214410489317e-08,-1.0014632598745643
0.0113371123707902,-1.2077352316232047e-05,-1.0017615011957994
0.0115038346115371,-0.2100783191554454,-1.0020532169727767
0.011670556852284,-1.0376839765047283,-1.0023353039120726
0.011837279093031,-1.903966601654568,-1.0026069973657086
0.0120040013337779,-2.721649266174192,-1.0028653601170123
0.0121707235745248,-3.5113472751528527,-1.0031168495959406
0.0123374458152717,-4.223063449136851,-1.003350932153832
0.0125041680560186,-4.900270262074495,-1.003577311613652
0.0126708902967655,-5.577477075012144,-1.003803691073472
0.0128376125375125,-6.141429193587172,-1.0040039663804576
0.0130043347782594,-6.670496770779572,-1.0041962011253724
0.0131710570190063,-7.199564347971967,-1.0043884358702877
0.0133377792597532,-7.587534586719093,-1.0045458538921923
0.0135045015005001,-7.947785913161238,-1.0046964320849232
0.013671223741247,-8.308037239603383,-1.004847010277654
0.0138379459819939,-8.513278925899453,-1.0049567048465964
0.0140046682227409,-8.70264414897381,-1.0050622120156527
0.0141713904634878,-8.89200937204817,-1.0051677191847088
0.0143381127042347,-8.93164226349183,-1.0052318021859112
0.0145048349449816,-8.967966776996333,-1.0052949699084854
0.0146715571857285,-8.997588961211243,-1.0053561317605406
0.0148382794264754,-8.898980186157734,-1.0053789167006737
0.0150050016672224,-8.768402261628454,-1.005391738501774
0.0151717239079693,-8.542038129544808,-1.0053747086703195
0.0153384461487162,-8.278522219707847,-1.0053451891776035
0.0155051683894631,-7.933257626368362,-1.0052881874639223
0.01567189063021,-7.587993033028879,-1.005231185750241
0.0158386128709569,-7.189967309598094,-1.0051552967182986
0.0160053351117039,-6.723511579021242,-1.005054911256478
0.0161720573524508,-6.25705584844438,-1.0049545257946573
0.0163387795931977,-5.731811186404717,-1.004831478372298
0.0165055018339446,-5.149319422483407,-1.004686363333952
0.0166722240746915,-4.566827658562109,-1.004541248295606
0.0168389463154384,-3.933923694246415,-1.0043716639017308
0.0170056685561853,-3.2642034514988283,-1.004184209416903
0.0171723907969323,-2.5944832087512424,-1.0039967549320743
0.0173391130376792,-1.9034901945272236,-1.0037895713758525
0.0175058352784261,-1.201003385857663,-1.0035717280947587
0.017672557519173,-0.4985165771881026,-1.003353884813665
0.0178392797599199,-0.0027735310503048,-1.0031176423927777
0.0180060020006668,-5.6235409350455556e-08,-1.002861
0.0181727242414138,1.601597263376677e-08,-1.0025953864441404
0.0183394464821607,1.4655728702492082e-08,-1.0023182833356985
0.0185061687229076,1.4118095261069726e-08,-1.0020345482728468
0.0186728909636545,1.3767485848499786e-08,-1.0017433170774357
0.0188396132044014,1.3578076108183728e-08,-1.001444312840686
0.0190063354451483,1.3517492876003472e-08,-1.0011371606700363
0.0191730576858952,1.3433446416285653e-08,-1.0008268179184767
0.0193397799266422,1.3380233673314232e-08,-1.0005125104637276
0.0195065021673891,1.3345633170187372e-08,-1.0001958097844674
0.019673224408136,1.331110951382176e-08,-0.9998789555275268
0.0198399466488829,1.3307579093655332e-08,-0.9923168755182008
0.0200066688896298,1.3320364081883593e-08,-0.0926123960975361
0.0201733911303767,1.3346664373041452e-08,0.9995838553366247
0.0203401133711237,1.3386832726693506e-08,0.9999059448366472
0.0205068356118706,1.3447740728413134e-08,1.000225173437944
0.0206735578526175,1.3529635090807724e-08,1.0005424487051984
0.0208402800933644,1.365341301022414e-08,1.000855101894358
0.0210070023341113,1.3836840937974877e-08,1.001162667886493
0.0211737245748582,1.4079218721148406e-08,1.0014653891028429
0.0213404468156052,1.4523715345777628e-08,1.0017622463945337
0.0215071690563521,2.146286955095704e-08,1.0020523421706458
0.021673891297099,1.1354326121875123e-07,1.0023337631807614
0.0218406135378459,3.3804631317726764e-07,1.0026149190806877
0.0220073357785928,0.0001761172496292,1.0028824924758095
0.0221740580193397,0.2746688702858337,1.003137527574912
0.0223407802600866,1.0007886759395608,1.0033813337372528
0.0225075025008336,1.7283954642770434,1.0036095819354725
0.0226742247415805,2.4018633783420404,1.0038226241166277
0.0228409469823274,3.033301295712458,1.0040252577624231
0.0230076692230743,3.606148129537248,1.0042132639135464
0.0231743914638212,4.111136512331516,1.0043843289352203
0.0233411137045681,4.616124895125783,1.004555393956894
0.0235078359453151,5.036342853275633,1.0047049177420988
0.023674558186062,5.382776496490032,1.0048356920001849
0.0238412804268089,5.729210139704438,1.004966466258271
0.0240080026675558,5.976816169526417,1.0050707580461384
0.0241747249083027,6.160150070159959,1.005157827069146
0.0243414471490496,6.343483970793505,1.0052448960921538
0.0245081693897965,6.4208248501244,1.005302349876105
0.0246748916305435,6.447647417146956,1.005345688467589
0.0248416138712904,6.4103940266489845,1.005369671307084
0.0250083361120373,6.291268565855865,1.005368922631844
0.0251750583527842,6.172143105062745,1.005368173956604
0.0253417805935311,5.948323861681022,1.0053338105535812
0.025508502834278,5.6928157643855375,1.0052892725998666
0.025675225075025,5.415601879444382,1.0052373510751658
0.0258419473157719,5.027033316590095,1.0051475504749656
0.0260086695565188,4.638464753735808,1.0050577498747657
0.0261753917972657,4.222342632225654,1.0049573838914576
0.0263421140380126,3.716232936993908,1.004822512267583
0.0265088362787595,3.210123241762161,1.0046876406437084
0.0266755585195065,2.6787711054147927,1.0045413913569523
0.0268422807602534,2.09009027046982,1.0043693019938311
0.0270090030010003,1.5014094355248349,1.0041972126307102
0.0271757252417472,0.903181049847473,1.004015409016721
0.0273424474824941,0.2966512047345699,1.0038151823969823
0.027509169723241,0.0005877447120504,1.003593522858762
0.0276758919639879,1.5837347366008204e-08,1.0033592450942876
0.0278426142047349,-1.4088569931630452e-08,1.0031125174280129
0.0280093364454818,-1.3509674418571606e-08,1.0028548381578626
0.0281760586862287,-1.3183612089382872e-08,1.0025857902994109
0.0283427809269756,-1.2989885716867926e-08,1.0023058888693783
0.0285095031677225,-1.2860546315181824e-08,1.002019778041027
0.0286762254084694,-1.2782706935946088e-08,1.0017248296704482
0.0288429476492164,-1.2736929498583036e-08,1.001424379384497
0.0290096698899633,-1.2691152061219988e-08,1.001123929098546
0.0291763921307102,-1.2679198394471844e-08,1.0008141393537942
0.0293431143714571,-1.2674312285768945e-08,1.0005023981067118
0.029509836612204,-1.2669426177066045e-08,1.0001906568596295
0.0296765588529509,-1.2676974173677154e-08,0.9998730039528824
0.0298432810936978,-1.268962068256195e-08,0.9971644993664572
0.0300100033344448,-1.270512115302797e-08,0.0543878639293842
0.0301767255751917,-1.2722999645936222e-08,-0.999590497478102
0.0303434478159386,-1.2744011014568148e-08,-0.999912302949754
0.0305101700566855,-1.2770277575462429e-08,-1.00023177794013
0.0306768922974324,-1.2794070773972284e-08,-1.0005501112438984
0.0308436145381793,-1.2835867879579104e-08,-1.0008629665871671
0.0310103367789263,-1.291129080676334e-08,-1.0011711871978106
0.0311770590196732,-1.3016311241223736e-08,-1.0014733859351526
0.0313437812604201,-1.3150945315964489e-08,-1.001770369449403
0.031510503501167,-1.3322064698970455e-08,-1.002061337682555
0.0316772257419139,-1.3635429785588614e-08,-1.00234270077563
0.0318439479826608,-1.414923462338092e-08,-1.002615872200527
0.0320106702234078,-1.491554455370058e-08,-1.0028852350879134
0.0321773924641547,-3.667117929361749e-08,-1.0031429537608398
0.0323441147049016,-0.0004186890291306,-1.0033877867514958
0.0325108369456485,-0.2698471795905782,-1.0036212888512626
0.0326775591863954,-0.9238698283011828,-1.003840903998722
0.0328442814271423,-1.5734389986879744,-1.0040448818283163
0.0330110036678892,-2.1602931786449364,-1.0042308123038413
0.0331777259086362,-2.72084996005574,-1.0044096701530894
0.0333444481493831,-3.166288594267128,-1.0045585411100748
0.03351117039013,-3.611727228478534,-1.0047074120670605
0.0336778926308769,-4.038202592735242,-1.004851334866162
0.0338446148716238,-4.329231314309102,-1.0049599150595598
0.0340113371123707,-4.6202600358829615,-1.0050684952529576
0.0341780593531177,-4.880776282933115,-1.0051687247977996
0.0343447815938646,-5.014605468661692,-1.005234282650417
0.0345115038346115,-5.148434654390269,-1.005299840503035
0.0346782260753584,-5.244937184693759,-1.0053546346432969
0.0348449483161053,-5.238117712354922,-1.005379634302811
0.0350116705568522,-5.1747045009006,-1.0053876910447923
0.0351783927975992,-5.034837330513911,-1.0053728591573687
0.0353451150383461,-4.845159524083634,-1.0053416411527991
0.035511837279093,-4.581599211782005,-1.0052861181504944
0.0356785595198399,-4.318038899480375,-1.0052305951481897
0.0358452817605868,-3.985164858554925,-1.005150843292313
0.0360120040013337,-3.5971695854638925,-1.0050518236190886
0.0361787262420806,-3.20917431237286,-1.0049528039458642
0.0363454484828276,-2.754431217988958,-1.004826323537805
0.0365121707235745,-2.2602032006498423,-1.0046835986295022
0.0366788929643214,-1.7659751833107262,-1.0045408737211994
0.0368456152050683,-1.2370354735017164,-1.0043752970864714
0.0370123374458152,-0.6931913898090387,-1.0041999084647646
0.0371790596865621,-0.1642280234317527,-1.004020722554345
0.0373457819273091,-8.983562437621694e-05,-1.0038118744032545
0.037512504168056,6.2289992681598525e-09,-1.003588898587348
0.0376792264088029,1.3065033449670252e-08,-1.0033533428070838
0.0378459486495498,1.2969904553323514e-08,-1.00310784383923
0.0380126708902967,1.2790607840929753e-08,-1.002850453878806
0.0381793931310436,1.2534607812762676e-08,-1.0025844625557063
0.0383461153717905,1.2365746149905669e-08,-1.0023064456246704
0.0385128376125375,1.232123805152277e-08,-1.0020230078279226
0.0386795598532844,1.2309498317635216e-08,-1.0017298053562016
0.0388462820940313,1.2307552735136051e-08,-1.0014317189258737
0.0390130043347782,1.2317075515685986e-08,-1.001127649700846
0.0391797265755251,1.2334391589182756e-08,-1.0008165861150975
0.039346448816272,1.2352687443049296e-08,-1.0005034831942616
0.039513171057019,1.237226284443788e-08,-1.000186253072499
0.0396798932977659,1.2391458601092906e-08,-0.9998663165793208
0.0398466155385128,1.2409475526551497e-08,-0.9985585867221624
0.0400133377792597,1.2425584973491993e-08,-0.0182854774348307
0.0401800600200066,1.2440124284108424e-08,0.9995970564433004
0.0403467822607535,1.2453737113708584e-08,0.9999185409562548
0.0405135045015005,1.2467032751059324e-08,1.0002390059122723
0.0406802267422474,1.2483829171305862e-08,1.00055523590069
0.0408469489829943,1.2504903707800733e-08,1.000868798414739
0.0410136712237412,1.251471963053244e-08,1.0011780714839065
0.0411803934644881,1.2537590968469071e-08,1.001482537976483
0.041347115705235,1.2615989074717645e-08,1.0017793516833706
0.0415138379459819,1.2749913949278152e-08,1.0020687945391216
0.0416805601867289,1.2939365592150617e-08,1.0023504227182376
0.0418472824274758,1.3184344003335012e-08,1.002624841937163
0.0420140046682227,1.3486116564884062e-08,1.0028922351596767
0.0421807269089696,1.422313233643496e-08,1.0031461103780763
0.0423474491497165,2.8192418160188733e-08,1.0033920827595997
0.0425141713904634,0.0002589387278272,1.0036255790468984
0.0426808936312104,0.2176784102708103,1.0038468852058469
0.0428476158719573,0.8148100951887094,1.004053525158498
0.0430143381127042,1.417014259814421,1.0042435002330892
0.0431810603534511,1.966140382146656,1.0044172562087397
0.043347782594198,2.472467248264262,1.0045786211415848
0.0435145048349449,2.8915826841629637,1.0047170976389053
0.0436812270756918,3.27224333104526,1.004845481766948
0.0438479493164388,3.652903977927556,1.0049738658949905
0.0440146715571857,3.920906601723329,1.0050722001489674
0.0441813937979326,4.154356066211493,1.0051613178548693
0.0443481160386795,4.387805530699657,1.0052504355607712
0.0445148382794264,4.487935906681074,1.005302251337104
0.0446815605201733,4.562021578664295,1.0053467799520477
0.0448482827609203,4.558091678265742,1.005368
0.0450150050016672,4.4831366398731145,1.005368
0.0451817272424141,4.408181601480486,1.005368
0.045348449483161,4.2183847352570005,1.0053317786557303
0.0455151717239079,4.004097991807269,1.0052878331547586
0.0456818939646548,3.7589697804608746,1.0052334144586452
0.0458486162054017,3.410654422008069,1.005143955305594
0.0460153384461487,3.0623390635552497,1.0050544961525432
0.0461820606868956,2.68332046302784,1.0049514525870225
0.0463487829276425,2.233136396338941,1.004816922410297
0.0465155051683894,1.782952329650043,1.0046823922335713
0.0466822274091363,1.31826316639864,1.0045353911978885
0.0468489496498832,0.82915901082678,1.0043673992005562
0.0470156718906302,0.3400548552549201,1.0041994072032236
0.0471823941313771,0.0011568482648108,1.0040187021667533
0.047349116372124,1.6128075691384258e-07,1.003808
0.0475158386128709,-1.2352437418370524e-08,1.0035842462575488
0.0476825608536178,-1.2694881381158696e-08,1.0033483031824562
0.0478492830943647,-1.2766043143910253e-08,1.0031031133843684
0.0480160053351117,-1.2525849772487188e-08,1.0028454445950623
0.0481827275758586,-1.2119767668143568e-08,1.0025772821545376
0.0483494498166055,-1.2092255677762552e-08,1.002299656851653
0.0485161720573524,-1.2089927031890512e-08,1.0020125454966184
0.0486828942980993,-1.2099413458977414e-08,1.001720983644622
0.0488496165388462,-1.2117402675113384e-08,1.0014226204709444
0.0490163387795931,-1.214187425759618e-08,1.0011187894479578
0.0491830610203401,-1.2168669832044205e-08,1.000806704845718
0.049349783261087,-1.2195465406492228e-08,1.000494620243478
0.0495165055018339,-1.2219809748099372e-08,1.0001762067474744
0.0496832277425808,-1.2243989646471912e-08,0.999857368671747
0.0498499499833277,-1.226552710066254e-08,0.9813215678116282
0.0500166722240746,-1.2281834353229516e-08,-0.0199966732966509
0.0501833944648216,-1.2294714892774765e-08,-0.9996034755091356
0.0503501167055685,-1.2304781808704961e-08,-0.9999250722885858
0.0505168389463154,-1.2311098671791288e-08,-1.0002450722656908
0.0506835611870623,-1.2318271605904556e-08,-1.0005626853143712
0.0508502834278092,-1.2331110544393634e-08,-1.000874810815525
0.0510170056685561,-1.2348746771079642e-08,-1.0011825562614929
0.051183727909303,-1.2371803797814663e-08,-1.001486766326704
0.05135045015005,-1.2415956240168853e-08,-1.0017824798431445
0.0515171723907969,-1.24823597049955e-08,-1.0020720212900422
0.0516838946315438,-1.2572921779634876e-08,-1.002356585057866
0.0518506168722907,-1.2738907852480722e-08,-1.0026301990388935
0.0520173391130376,-1.3018974343341312e-08,-1.0028940915673612
0.0521840613537845,-1.3491374315194702e-08,-1.0031486689143574
0.0523507835945315,-1.4713279606432076e-08,-1.0033966479987677
0.0525175058352784,-7.956345311429777e-07,-1.0036299411921108
0.0526842280760253,-0.011233053174161,-1.0038510597335943
0.0528509503167722,-0.420757792897287,-1.0040590453914675
0.0530176725575191,-1.01200537760344,-1.0042508611342456
0.053184394798266,-1.5665429131222377,-1.0044254838062845
0.053351117039013,-2.075549409978424,-1.0045868903850046
0.0535178392797599,-2.4854658693740634,-1.0047212761689768
0.0536845615205068,-2.880472864693438,-1.0048515963013565
0.0538512837612537,-3.2722846101777745,-1.0049810554947494
0.0540180060020006,-3.524512643522224,-1.0050729047778435
0.0541847282427475,-3.776740676866673,-1.005164754060938
0.0543514504834945,-4.013865995148604,-1.0052523753909015
0.0545181727242414,-4.104857473725386,-1.005299087055119
0.0546848949649883,-4.195848952302164,-1.0053457987193366
0.0548516172057352,-4.190705954804995,-1.0053643761075677
0.0550183394464821,-4.1295272198748565,-1.005366554333225
0.055185061687229,-4.068348484944718,-1.0053687325588825
0.0553517839279759,-3.8822500027155584,-1.0053311629051311
0.0555185061687229,-3.678667248395145,-1.0052880299777287
0.0556852284094698,-3.4341775188589034,-1.0052310314884538
0.0558519506502167,-3.095935192750199,-1.0051422552297011
0.0560186728909636,-2.757692866641508,-1.0050534789709482
0.0561853951317105,-2.380588507536864,-1.004949206666717
0.0563521173724574,-1.9387333611547335,-1.004819115302929
0.0565188396132044,-1.496878214772604,-1.004689023939141
0.0566855618539513,-1.031960738471144,-1.0045452601791427
0.0568522840946982,-0.538437897687684,-1.0043845378603904
0.0570190063354451,-0.0787392861307162,-1.0042125123323495
0.057185728576192,-3.58149904565679e-05,-1.0040147384713043
0.0573524508169389,7.957123846043481e-09,-1.0038039985292044
0.0575191730576858,1.2444428741708637e-08,-1.0035791131708325
0.0576858952984328,1.2313079274491056e-08,-1.0033436150680413
0.0578526175391797,1.2186278644925533e-08,-1.0030980611764695
0.0580193397799266,1.2064791910210366e-08,-1.002840408818272
0.0581860620206735,1.1951222186004842e-08,-1.0025727813995158
0.0583527842614204,1.1954713598511689e-08,-1.0022954480454327
0.0585195065021673,1.1965274977484208e-08,-1.002010503505274
0.0586862287429143,1.1982892929111397e-08,-1.001719956850691
0.0588529509836612,1.2007581170771204e-08,-1.0014219437173777
0.0590196732244081,1.2039331796670988e-08,-1.0011175702470694
0.059186395465155,1.2078144806810741e-08,-1.000806697941336
0.0593531177059019,1.2113164763163424e-08,-1.0004913783866234
0.0595198399466488,1.2142280100437225e-08,-1.0001742908437743
0.0596865621873957,1.2167271414666673e-08,-0.9998524961855804
0.0598532844281427,1.2188185414978733e-08,-0.9954822779136672
0.0600200066688896,1.2204455425138941e-08,0.0570401384366857
0.0601867289096365,1.2216380166725e-08,0.9996099267563816
0.0603534511503834,1.2224507231850441e-08,0.999931543382518
0.0605201733911303,1.2229835353009696e-08,1.000251130054976
0.0606868956318772,1.2226773423687897e-08,1.000569286859555
0.0608536178726242,1.2230804239925872e-08,1.0008828097775162
0.0610203401133711,1.2243665472197922e-08,1.0011902451155046
0.061187062354118,1.2265122711948985e-08,1.0014924257888589
0.0613537845948649,1.2295194635429624e-08,1.0017888748513952
0.0615205068356118,1.2333865304780689e-08,1.0020798355698326
0.0616872290763587,1.2330088301383409e-08,1.002364056709054
0.0618539513171057,1.243795368572117e-08,1.002637789273962
0.0620206735578526,1.2726847480635262e-08,1.0029022348758292
0.0621873957985995,1.319721292851889e-08,1.003156364872784
0.0623541180393464,1.3861359603366132e-08,1.0034007856491565
0.0625208402800933,4.96004700890019e-08,1.0036347075441685
0.0626875625208402,0.0005872415361789,1.0038553600107374
0.0628542847615871,0.2301927653157738,1.0040630401457575
0.0630210070023341,0.7917712460962686,1.004255756622329
0.063187729243081,1.3464822685124984,1.004430771045297
0.0633544514838279,1.8487288759319949,1.0045898926379937
0.0635211737245748,2.298063183768258,1.0047341929765097
0.0636878959653217,2.6886212310946536,1.004862436053933
0.0638546182060686,3.008454775609494,1.00497135769448
0.0640213404468156,3.328288320124307,1.0050802793350269
0.0641880626875625,3.571510392498429,1.0051682213074165
0.0643547849283094,3.74546098402894,1.0052371936315243
0.0645215071690563,3.919411575559451,1.0053061659556326
0.0646882294098032,4.0066915117983495,1.0053505535118514
0.0648549516505501,4.035330326436138,1.0053783070832631
0.0650216738912971,3.9942136680886655,1.00538503274739
0.065188396132044,3.8851658994464753,1.0053712804615018
0.0653551183727909,3.715896293857381,1.0053379910323774
0.0655218406135378,3.4788802941581247,1.0052827233463184
0.0656885628542847,3.241864294458868,1.0052274556602594
0.0658552850950316,2.927178551904721,1.0051446294600923
0.0660220073357785,2.566853814325526,1.005045609786868
0.0661887295765255,2.206529076746331,1.0049465901136434
0.0663554518172724,1.7808790002652648,1.0048209956779588
0.0665221740580193,1.3273879837931049,1.00468407537119
0.0666888962987662,0.8738969673209827,1.004547155064421
0.0668556185395131,0.3965770071229754,1.0043883171623391
0.06702234078026,0.0194221192124011,1.0042084836674694
0.067189063021007,4.163157096901956e-06,1.0040105196150224
0.0673557852617539,-1.1919020557078207e-08,1.0037988844495342
0.0675225075025008,-1.2361147597649172e-08,1.0035746728349149
0.0676892297432477,-1.2105274135114917e-08,1.0033363630433354
0.0678559519839946,-1.1986148172334728e-08,1.003084559689008
0.0680226742247415,-1.1931120087194789e-08,1.002820078175962
0.0681893964654885,-1.1906048858688033e-08,1.0025495546167051
0.0683561187062354,-1.1891125593902402e-08,1.0022748814275604
0.0685228409469823,-1.1913411849320877e-08,1.0019849927980171
0.0686895631877292,-1.1935698104739348e-08,1.0016951041684738
0.0688562854284761,-1.1961311339912453e-08,1.001400535145372
0.069023007669223,-1.19952477720565e-08,1.0010942570526744
0.0691897299099699,-1.2029184204200546e-08,1.000787978959977
0.0693564521507169,-1.2061184445465073e-08,0.9957646086203084
0.0695231743914638,-1.2089695282410722e-08,0.9822400919147396
0.0696898966322107,-1.2118206119356371e-08,0.9687155752091712
0.0698566188729576,-1.2143404223989496e-08,0.8553586869069555
0.0700233411137045,-1.2160604168229415e-08,-0.1148432744902401
0.0701900633544514,-1.2172190806164712e-08,-0.9996163679537204
0.0703567855951984,-1.2179128485145184e-08,-0.9999380509060088
0.0705235078359453,-1.2183088107827242e-08,-1.00025749443253
0.0706902300766922,-1.2180740476709797e-08,-1.000574553600986
0.0708569523174391,-1.2171814421635197e-08,-1.0008885987574463
0.071023674558186,-1.2176911550211369e-08,-1.0011966199292075
0.0711903967989329,-1.2196024483187547e-08,-1.0014986171162696
0.0713571190396799,-1.2229155921261968e-08,-1.001794320248809
0.0715238412804268,-1.2276310483025412e-08,-1.002083267467748
0.0716905635211737,-1.233748084918886e-08,-1.0023659166347143
0.0718572857619206,-1.2434535798856043e-08,-1.002640428733141
0.0720240080026675,-1.2637806124195094e-08,-1.002903902249895
0.0721907302434144,-1.2971200325907664e-08,-1.0031571191412956
0.0723574524841613,-1.6742717519683564e-08,-1.0033998500994774
0.0725241747249083,-5.5442883848096835e-08,-1.003637975758457
0.0726908969656552,-9.968356741326374e-05,-1.0038591727573405
0.0728576192064021,-0.1397404923847185,-1.004066601678684
0.073024341447149,-0.6717358310410917,-1.0042606371025045
0.0731910636878959,-1.2314280667665545,-1.004438410131708
0.0733577859286428,-1.7318997588203566,-1.0045957011313758
0.0735245081693898,-2.16397743202246,-1.004734616231885
0.0736912304101367,-2.559996837406566,-1.0048638433055124
0.0738579526508836,-2.930654311516454,-1.004986171833795
0.0740246748916305,-3.190512664300717,-1.005078362564038
0.0741913971323774,-3.4503710170849584,-1.0051705532942814
0.0743581193731243,-3.6697705943381056,-1.0052513725301606
0.0745248416138712,-3.7725399895594487,-1.00529941125204
0.0746915638546182,-3.875309384780792,-1.00534744997392
0.0748582860953651,-3.86764006110109,-1.0053630634359076
0.075025008336112,-3.8165812300292767,-1.0053659375609327
0.0751917305768589,-3.7655223989574633,-1.0053688116859578
0.0753584528176058,-3.5798552355522117,-1.005329252265441
0.0755251750583527,-3.3847500888642865,-1.005286717642078
0.0756918972990997,-3.1395293124147305,-1.0052271145140248
0.0758586195398466,-2.809654490140637,-1.0051386797024209
0.0760253417805935,-2.479779667866544,-1.005050244890817
0.0761920640213404,-2.105625379726101,-1.004944409149134
0.0763587862620873,-1.6758308295427045,-1.0048167079153894
0.0765255085028342,-1.2460362793593076,-1.0046890066816447
0.0766922307435811,-0.7912313521484062,-1.004546031581116
0.0768589529843281,-0.3143647154689908,-1.0043876865155394
0.077025675225075,-0.0046386907521754,-1.0042047849561055
0.0771923974658219,-1.2064431589513729e-06,-1.0040066457325638
0.0773591197065688,1.2473335596208141e-08,-1.003795
0.0775258419473157,1.22834777887994e-08,-1.0035693625960118
0.0776925641880626,1.2002471725592406e-08,-1.0033342622239956
0.0778592864288096,1.182021368358454e-08,-1.0030874116785984
0.0780260086695565,1.1728755435666994e-08,-1.0028301816616203
0.0781927309103034,1.1728096981839774e-08,-1.0025630559116625
0.0783594531510503,1.1818238322102882e-08,-1.002285643983155
0.0785261753917972,1.1857082007904425e-08,-1.0019993920890553
0.0786928976325441,1.1891286724382829e-08,-1.0017071259535144
0.0788596198732911,1.1926780670455694e-08,-1.001408880700107
0.079026342114038,1.1963554809711229e-08,-1.001104413874187
0.0791930643547849,1.2001626131398198e-08,-1.00079444084103
0.0793597865955318,1.2040716727096729e-08,-1.000478937941525
0.0795265088362787,1.2071390026463656e-08,-1.0001610986612302
0.0796932310770256,1.209751554837932e-08,-0.9948556961532636
0.0798599533177725,1.2119681895138269e-08,-0.9539328977510694
0.0800266755585195,1.2136019552615364e-08,0.1326903352937128
0.0801933977992664,1.2147012196644716e-08,0.9996228350451444
0.0803601200400133,1.2153331707717312e-08,0.9999443410049071
0.0805268422807602,1.2155645764568317e-08,1.0002634428935833
0.0806935645215071,1.2156098017703877e-08,1.0005792788507173
0.080860286762254,1.2156824191296652e-08,1.0008908154836895
0.081027009003001,1.2163162976759608e-08,1.001194020721668
0.0811937312437479,1.2178370048370573e-08,1.0014937152328052
0.0813604534844948,1.2220934849971104e-08,1.0017825795209012
0.0815271757252417,1.2263499651571638e-08,1.0020714438089973
0.0816938979659886,1.2339775057245608e-08,1.002354587849876
0.0818606202067355,1.2488987461380321e-08,1.0026253554390725
0.0820273424474824,1.2638199865515032e-08,1.0028961230282687
0.0821940646882294,1.2869933204723624e-08,1.003160120917706
0.0823607869289763,1.3363426614019073e-08,1.0034096145453626
0.0825275091697232,2.0586120232143562e-08,1.003643561767852
0.0826942314104701,4.207689926586655e-05,1.0038640181691625
0.082860953651217,0.0982797836800094,1.0040714137060656
0.0830276758919639,0.6081069138527646,1.0042632443459578
0.0831943981327109,1.1588526334178086,1.0044401149043656
0.0833611203734578,1.6646612558469776,1.004599576766452
0.0835278426142047,2.118886206633283,1.0047443915842726
0.0836945648549516,2.487334853114316,1.0048655535773454
0.0838612870956985,2.8188236960619677,1.0049765239007866
0.0840280093364454,3.1503125390096183,1.0050874942242276
0.0841947315771923,3.3743553526279437,1.0051692751175418
0.0843614538179393,3.566332304945384,1.0052423448074386
0.0845281760586862,3.758309257262824,1.0053154144973353
0.0846948982994331,3.826818688120752,1.0053531739735293
0.08486162054018,3.872063059078191,1.0053842799247543
0.0850283427809269,3.79534774677258,1.0053789828918072
0.0851950650216738,3.7020655297241767,1.0053687409069298
0.0853617872624208,3.527010221284387,1.0053323780012
0.0855285095031677,3.3049003279396274,1.005280984367548
0.0856952317439146,3.082790434594868,1.005229590733896
0.0858619539846615,2.7506775597363897,1.0051390599162258
0.0860286762254084,2.402382688112513,1.0050427718201935
0.0861953984661553,2.0540878164886367,1.0049464837241615
0.0863621207069023,1.618025721632487,1.004814775483074
0.0865288429476492,1.1766633176311507,1.0046809282006464
0.0866955651883961,0.7348543314348339,1.004546687134158
0.086862287429143,0.2633752187320033,1.0043850167415769
0.0870290096698899,0.0021195238197657,1.0042007715078716
0.0871957319106368,4.946656799294663e-07,1.0040022851350925
0.0873624541513837,-1.2206886244014269e-08,1.0037893874555328
0.0875291763921307,-1.2139041422387993e-08,1.0035649478691446
0.0876958986328776,-1.2056771615059862e-08,1.0033296079719314
0.0878626208736245,-1.1960122024227096e-08,1.0030826924521672
0.0880293431143714,-1.1849438279469916e-08,1.0028245888103022
0.0881960653551183,-1.1789990393292743e-08,1.002555302253005
0.0883627875958652,-1.1810519940578432e-08,1.0022773449361684
0.0885295098366122,-1.1835942628731117e-08,1.0019930261891778
0.0886962320773591,-1.1866263938805721e-08,1.0017017998576894
0.088862954318106,-1.1901482627012084e-08,1.0014037281312111
0.0890296765588529,-1.1941601141907548e-08,1.001099294974579
0.0891963987995998,-1.1986615830167588e-08,1.0007878638759105
0.0893631210403467,-1.2024886111144715e-08,1.000472459730737
0.0895298432810936,-1.2057058591246378e-08,1.0001550723867203
0.0896965655218406,-1.208372461937908e-08,0.9998347078596652
0.0898632877625875,-1.2105698530752626e-08,0.998208157357328
0.0900300100033344,-1.2121596552906492e-08,-0.1705885032499124
0.0901967322440813,-1.2132330402359126e-08,-0.9996292840881864
0.0903634544848282,-1.2138234260991358e-08,-0.9999508080798004
0.0905301767255751,-1.2140463235582716e-08,-1.000269893128472
0.0906968989663221,-1.2136271931114975e-08,-1.0005870614020158
0.090863621207069,-1.2130472129542931e-08,-1.0009008317228958
0.0910303434478159,-1.2133425447190922e-08,-1.0012084974737108
0.0911970656885628,-1.214514278451561e-08,-1.0015103430922556
0.0913637879293097,-1.2165623241060341e-08,-1.0018059404325987
0.0915305101700566,-1.2195362652741768e-08,-1.0020959336679942
0.0916972324108035,-1.2242506877479186e-08,-1.0023777387126556
0.0918639546515505,-1.2343199110275084e-08,-1.0026506607574075
0.0920306768922974,-1.2530730667512978e-08,-1.0029119024294872
0.0921973991330443,-1.28719788721941e-08,-1.0031640858055964
0.0923641213737912,-1.3320071684729648e-08,-1.0034128038433423
0.0925308436145381,-3.1546632484362165e-08,-1.0036474073362391
0.092697565855285,-2.5109442248510968e-05,-1.003868688831663
0.092864288096032,-0.0783160735115025,-1.004074840137394
0.0930310103367789,-0.5742842056745764,-1.0042678328658536
0.0931977325775258,-1.1283988716036717,-1.004445307889463
0.0933644548182727,-1.6258413570285644,-1.004602137172179
0.0935311770590196,-2.0712399110115216,-1.0047440402576775
0.0936978992997665,-2.447100609142911,-1.0048671823992537
0.0938646215405135,-2.822961307274301,-1.0049903245408298
0.0940313437812604,-3.095472124748452,-1.005085269847841
0.0941980660220073,-3.336610979033195,-1.005171655976551
0.0943647882627542,-3.5777498333179576,-1.0052580421052602
0.0945315105035011,-3.690710743980025,-1.005308121289509
0.094698232744248,-3.778970041099969,-1.005351203637285
0.0948649549849949,-3.780223799337128,-1.0053687806988103
0.0950316772257419,-3.720242761917131,-1.005368407052694
0.0951983994664888,-3.660261724497135,-1.0053680334065775
0.0953651217072357,-3.4741489873998725,-1.0053277651450885
0.0955318439479826,-3.2756519506139723,-1.0052835798122046
0.0956985661887295,-3.036220980320352,-1.0052252435159086
0.0958652884294764,-2.704786768916549,-1.0051351014685594
0.0960320106702234,-2.373352557512746,-1.0050449594212103
0.0961987329109703,-2.0049958271095893,-1.0049403156536811
0.0963654551517172,-1.5761942735250591,-1.0048119315256383
0.0965321773924641,-1.1473927199405285,-1.0046835473975957
0.096698899633211,-0.6990039010565594,-1.0045420843309116
0.0968656218739579,-0.2331927809629251,-1.0043813168461635
0.0970323441147048,-0.0012126045923346,-1.0041973510667923
0.0971990663554518,-2.780733272335581e-07,-1.003998
0.0973657885961987,1.2335787252718357e-08,-1.0037861252814528
0.0975325108369456,1.2118141720252022e-08,-1.0035598481042471
0.0976992330776925,1.1936596128093593e-08,-1.0033192816237786
0.0978659553184394,1.1865810128066322e-08,-1.0030631412486433
0.0980326775591863,1.1805279313316376e-08,-1.0028043341522708
0.0981993997999333,1.1811753151262355e-08,-1.0025281034086897
0.0983661220406802,1.181822698920834e-08,-1.0022518726651084
0.0985328442814271,1.1830689134231616e-08,-1.0019716014165192
0.098699566522174,1.1866513769109908e-08,-1.001675566738293
0.0988662887629209,1.1902338403988202e-08,-1.0013795320600671
0.0990330110036678,1.1938403692502584e-08,-1.001079549158124
0.0991997332444147,1.1975102432082441e-08,-1.0007691736996378
0.0993664554851617,1.20118011716623e-08,-1.0004587982411517
0.0995331777259086,1.2045802265024766e-08,-1.0001457782844152
0.0996998999666555,1.2074717914445745e-08,-0.999827773075158
0.0998666222074024,1.2097401914891372e-08,-0.9832699290280869
0.1000333444481493,1.211331344250738e-08,0.2055332754591448
0.1002000666888962,1.2123876634351233e-08,0.99963570828659
0.1003667889296432,1.2129067726573661e-08,0.9999570282412528
0.1005335111703901,1.2130849677407628e-08,1.0002763318023729
0.100700233411137,1.2129916162164376e-08,1.0005915094589914
0.1008669556518839,1.2128444743895208e-08,1.000902653113826
0.1010336778926308,1.21346224765705e-08,1.001204791601802
0.1012004001333777,1.214098519291618e-08,1.001506712312821
0.1013671223741247,1.2181692057311158e-08,1.0017956692611631
0.1015338446148716,1.2231690163346504e-08,1.0020811190777688
0.1017005668556185,1.2281688269381844e-08,1.0023665688943744
0.1018672890963654,1.2441874455058293e-08,1.002635605974359
0.1020340113371123,1.2620243031250357e-08,1.0029019347506178
0.1022007335778592,1.2798611607442422e-08,1.0031682635268766
0.1023674558186061,1.330823574491378e-08,1.0034169457161024
0.1025341780593531,2.2601600671605923e-08,1.003652059105249
0.1027009003001,2.174525238620088e-05,1.0038721537540842
0.1028676225408469,0.0720449139923828,1.0040787788772536
0.1030343447815938,0.5600241446335599,1.004272125670875
0.1032010670223407,1.1098220541558914,1.0044478047629504
0.1033677892630876,1.6111409876716063,1.0046055953561044
0.1035345115038346,2.066338407346973,1.004750285425038
0.1037012337445815,2.4274609863967567,1.0048694465862185
0.1038679559853284,2.762174797667182,1.0049814412511069
0.1040346782260753,3.0968886089376078,1.0050934359159949
0.1042014004668222,3.313592032857729,1.0051728445288743
0.1043681227075691,3.509812148896409,1.005246597113069
0.1045348449483161,3.70603226493509,1.0053203496972638
0.104701567189063,3.7665111437338847,1.005355114092437
0.1048682894298099,3.8157278582150345,1.0053866437197525
0.1050350116705568,3.727811745351788,1.005377927517762
0.1052017339113037,3.638328341124076,1.0053687513461058
0.1053684561520506,3.4585179317672603,1.0053303172586476
0.1055351783927976,3.2400261836174584,1.0052793538578142
0.1057019006335445,3.0215344354676565,1.005228390456981
0.1058686228742914,2.6822858732974795,1.005134879195268
0.1060353451150383,2.3370944148113155,1.005039273993534
0.1062020673557852,1.989643487727366,1.0049427529600072
0.1063687895965321,1.5517889410117918,1.004809588571878
0.106535511837279,1.113934394296218,1.0046764241837487
0.106702234078026,0.6731987413281022,1.0045405875073172
0.1068689563187729,0.2112483519023453,1.0043777600010164
0.1070356785595198,0.0008149460953023,1.004193050417788
0.1072024008002667,1.8259040322120345e-07,1.003994
0.1073691230410136,-1.2328870469615835e-08,1.0037814347243164
0.1075358452817605,-1.2093540819408405e-08,1.0035545908132435
0.1077025675225075,-1.1921391480313998e-08,1.003313943146594
0.1078692897632544,-1.1852725979006713e-08,1.0030572605246464
0.1080360120040013,-1.180146014000058e-08,1.002797779179472
0.1082027342447482,-1.1794360528918392e-08,1.0025250328488775
0.1083694564854951,-1.1810230992406221e-08,1.002245387633806
0.108536178726242,-1.182610145589405e-08,1.0019657424187345
0.108702900966989,-1.1858050115459372e-08,1.0016719061665549
0.1088696232077359,-1.189597123583283e-08,1.0013727984639875
0.1090363454484828,-1.1933892356206289e-08,1.00107369076142
0.1092030676892297,-1.1970173634517092e-08,1.0007641973924557
0.1093697899299766,-1.2006046071996249e-08,1.000452114698224
0.1095365121707235,-1.2041918509475409e-08,1.0001400320039928
0.1097032344114704,-1.2070991069316872e-08,0.9998219410165914
0.1098699566522174,-1.209285926481312e-08,0.9932644786492296
0.1100366788929643,-1.2108536556288544e-08,-0.2432527734218317
0.1102034011337112,-1.211892865542282e-08,-0.9996421523147948
0.1103701233744581,-1.2124269141799138e-08,-0.9999635050639026
0.110536845615205,-1.2125381274047946e-08,-1.000282083431408
0.1107035678559519,-1.2124045485917394e-08,-1.0005975176808968
0.1108702900966989,-1.2123822196747453e-08,-1.0009070204093444
0.1110370123374458,-1.2124751439185582e-08,-1.001213326250061
0.1112037345781927,-1.2146261638585956e-08,-1.0015079871433952
0.1113704568189396,-1.2171378490870049e-08,-1.0018006073501309
0.1115371790596865,-1.2196495343154144e-08,-1.0020932275568666
0.1117039013004334,-1.2370217390341397e-08,-1.0023656957719211
0.1118706235411803,-1.2556480224619477e-08,-1.0026364633611176
0.1120373457819273,-1.2742743058897569e-08,-1.002907230950314
0.1122040680226742,-2.39621717682187e-07,-1.0031556102625776
0.1123707902634211,-4.6799152073653973e-07,-1.0034038423399367
0.112537512504168,-2.1008750555003977e-06,-1.00365080589961
0.1127042347449149,-8.098865862112444e-05,-1.0038761617581482
0.1128709569856618,-0.0689753740648081,-1.0040835931954473
0.1130376792264088,-0.5562506428091036,-1.0042758394231
0.1132044014671557,-1.110100004795027,-1.004452926617357
0.1133711237079026,-1.60985877605671,-1.0046104738580133
0.1135378459486495,-2.041934974884596,-1.0047489123703932
0.1137045681893964,-2.442395217909188,-1.0048784507125057
0.1138712904301433,-2.784712280960516,-1.004992134985194
0.1140380126708903,-3.048203972857816,-1.0050843257154374
0.1142047349116372,-3.311695664755117,-1.0051765164456807
0.1143714571523841,-3.4971767187866303,-1.0052468693029826
0.114538179393131,-3.6033220525645566,-1.0052950133509986
0.1147049016338779,-3.7094673863424834,-1.0053431573990146
0.1148716238746248,-3.726069004441783,-1.005364859592346
0.1150383461153717,-3.674310731780085,-1.0053663754187836
0.1152050683561187,-3.622552459118388,-1.005367891245221
0.1153717905968656,-3.4334800302497044,-1.0053261400684184
0.1155385128376125,-3.233794374523748,-1.0052810447169618
0.1157052350783594,-2.99288794548167,-1.005221807504145
0.1158719573191063,-2.660904687062195,-1.0051313240096469
0.1160386795598532,-2.32892142864272,-1.0050408405151487
0.1162054018006002,-1.9599960605261644,-1.004935715459567
0.1163721240413471,-1.5315242424534712,-1.0048069898843752
0.116538846282094,-1.103052424380778,-1.0046782643091834
0.1167055685228409,-0.6557818213390687,-1.004536503792559
0.1168722907635878,-0.1950466557533959,-1.0043743687881463
0.1170390130043347,-0.0006295413433625,-1.0041896895407345
0.1172057352450816,-1.1834561003343925e-07,-1.00399
0.1173724574858286,1.1990278780938838e-08,-1.003776702521046
0.1175391797265755,1.2065387228008485e-08,-1.0035513027900198
0.1177059019673224,1.2049643926692405e-08,-1.0033152601469306
0.1178726242080693,1.1942052496734971e-08,-1.0030674310757863
0.1180393464488162,1.1750385187484494e-08,-1.0028089001708722
0.1182060686895631,1.1764435365965381e-08,-1.0025385153505613
0.1183727909303101,1.1784402348645784e-08,-1.0022613629437476
0.118539513171057,1.1810274413717843e-08,-1.0019774454915362
0.1187062354118039,1.1842070061649566e-08,-1.001685829760799
0.1188729576525508,1.1879771627466373e-08,-1.0013873990002635
0.1190396798932977,1.1923396104844004e-08,-1.0010813035261454
0.1192064021340446,1.19729360002627e-08,-1.0007692423430006
0.1193731243747915,1.2010795883170832e-08,-1.0004544393456043
0.1195398466155385,1.2042565005287976e-08,-1.0001363805249572
0.1197065688562854,1.206915209594308e-08,-0.9998157302250962
0.1198732910970323,1.2090565453460581e-08,-0.9977632906955372
0.1200400133377792,1.2106109256010807e-08,0.2841020644545604
0.1202067355785261,1.2116332803302506e-08,0.9996486379155856
0.120373457819273,1.2121687847846733e-08,0.9999700840541408
0.12054018006002,1.21219407937624e-08,1.0002901909198194
0.1207069023007669,1.2121115829044998e-08,1.000605800168121
0.1208736245415138,1.2119521876034268e-08,1.0009179572124185
0.1210403467822607,1.2117191766370036e-08,1.0012265133461862
0.1212070690230076,1.2099502438776852e-08,1.0015305047321
0.1213737912637545,1.2100277287070728e-08,1.0018272481306296
0.1215405135045015,1.2139353760371144e-08,1.0021157646336645
0.1217072357452484,1.2216743857745377e-08,1.0023963482386258
0.1218739579859953,1.2332420676465333e-08,1.0026689989455142
0.1220406802267422,1.2487734869738974e-08,1.0029324033106422
0.1222074024674891,1.2696561927267361e-08,1.0031873167803542
0.122374124708236,1.3134720856348252e-08,1.003430345241389
0.1225408469489829,1.6736544393097952e-08,1.0036619985739843
0.1227075691897299,2.2155110591294945e-05,1.0038810966354996
0.1228742914304768,0.0723730119437051,1.0040869062878914
0.1230410136712237,0.5594288204745231,1.004279493222559
0.1232077359119706,1.1078898813714635,1.0044549989568727
0.1233744581527175,1.6195036990947702,1.0046160119537275
0.1235411803934644,2.0445833198337087,1.0047520859465964
0.1237079026342114,2.4657369209869926,1.0048870284674978
0.1238746248749583,2.7608753107474566,1.0049880293401985
0.1240413471157052,3.051193480804144,1.0050877319077207
0.1242080693564521,3.336430191833745,1.0051860112851596
0.124374791597199,3.4792339744279315,1.0052443987476471
0.1245415138379459,3.6220377570221305,1.0053027862101345
0.1247082360786928,3.7494937696073833,1.005356788612371
0.1248749583194398,3.7471461325322655,1.0053737044004492
0.1250416805601867,3.744798495457149,1.005390620188527
0.1252084028009336,3.615958519470951,1.0053682126338317
0.1253751250416805,3.4758842590278403,1.0053423126176777
0.1255418472824274,3.220334348775897,1.005278741024973
0.1257085695231743,2.953462671550131,1.0052114759366104
0.1258752917639213,2.68659099432441,1.0051442108482476
0.1260420140046682,2.3075260226127785,1.0050343625695568
0.1262087362454151,1.926404422079297,1.0049237336932646
0.126375458486162,1.5415314400213282,1.0048111943409914
0.1265421807269089,1.090011495506525,1.0046647135140492
0.1267089029676558,0.6384915509916466,1.004518232687107
0.1268756252084028,0.1936131679440063,1.004368737562742
0.1270423474491497,0.0004702446047227,1.004185642723996
0.1272090696898966,9.922339716853221e-08,1.003985537953924
0.1273757919306435,-1.2250838011771504e-08,1.0037727016156357
0.1275425141713904,-1.2163471663316496e-08,1.003548097552647
0.1277092364121373,-1.1900251950703534e-08,1.0033086260047277
0.1278759586528843,-1.1811831313231604e-08,1.003059705907882
0.1280426808936312,-1.1754907739819504e-08,1.0028019617721164
0.1282094031343781,-1.1729478603654428e-08,1.00253513091615
0.128376125375125,-1.1735549543433464e-08,1.0022589675670768
0.1285428476158719,-1.1773106269878248e-08,1.0019734717248965
0.1287095698566188,-1.1842153072267114e-08,1.0016786433896088
0.1288762920973657,-1.1891022076658625e-08,1.0013780942911632
0.1290430143381127,-1.193293344174806e-08,1.0010728348045466
0.1292097365788596,-1.1971952304267616e-08,1.000762850501256
0.1293764588196065,-1.200823179887536e-08,1.0004484088151573
0.1295431810603534,-1.2040965062995718e-08,1.0001299355211444
0.1297099033011003,-1.2067477489493266e-08,0.9998090364227132
0.1298766255418472,-1.2088894662336612e-08,0.9922835468125392
0.1300433477825942,-1.2104373540077204e-08,-0.32160283294609
0.1302100700233411,-1.2114468289163456e-08,-0.9996551103744228
0.130376792264088,-1.211967141521998e-08,-0.9999764620159866
0.1305435145048349,-1.2120786382130657e-08,-1.0002960430789944
0.1307102367455818,-1.211896478144326e-08,-1.0006121599442783
0.1308769589863287,-1.2115845688677601e-08,-1.0009246290821767
0.1310436812270757,-1.2113699710131186e-08,-1.0012331449344067
0.1312104034678226,-1.2115637349556989e-08,-1.0015362098076173
0.1313771257085695,-1.212611045253638e-08,-1.001831966111518
0.1315438479493164,-1.2151356813504553e-08,-1.0021214597437194
0.1317105701900633,-1.2200992069478836e-08,-1.0024025298445465
0.1318772924308102,-1.2289495706979748e-08,-1.0026759301575183
0.1320440146715571,-1.2441070741062612e-08,-1.002938468319781
0.1322107369123041,-1.2697174814665397e-08,-1.0031921991712534
0.132377459153051,-1.3157942052638794e-08,-1.0034341487387106
0.1325441813937979,-1.694504519671627e-08,-1.0036665420936577
0.1327109036345448,-2.3458618902304166e-05,-1.0038853561650192
0.1328776258752917,-0.0742569157450427,-1.0040915218623208
0.1330443481160386,-0.5642096691573488,-1.0042834119585653
0.1332110703567856,-1.1151885794792291,-1.004459376972894
0.1333777925975325,-1.6101489842076102,-1.0046156067060057
0.1335445148382794,-2.0466767011566733,-1.0047551912410273
0.1337112370790263,-2.429233679857354,-1.004879810328751
0.1338779593197732,-2.8081210007108464,-1.0050034242581207
0.1340446815605201,-3.0573289340219305,-1.0050915176225754
0.1342114038012671,-3.3065368673330564,-1.00517961098703
0.134378126042014,-3.5406084775761504,-1.005263470889195
0.1345448482827609,-3.636627557378548,-1.0053087190242205
0.1347115705235078,-3.732646637180929,-1.0053539671592455
0.1348782927642547,-3.718216545837009,-1.005366540074788
0.1350450150050016,-3.663774245750274,-1.0053672758014305
0.1352117372457486,-3.607127122092313,-1.005367321625083
0.1353784594864955,-3.4119720193496845,-1.005324027441765
0.1355451817272424,-3.216816916607024,-1.0052807332584477
0.1357119039679893,-2.964426538852334,-1.0052176473971446
0.1358786262087362,-2.6357676098760336,-1.0051281882440934
0.1360453484494831,-2.3071086808996792,-1.0050387290910423
0.13621207069023,-1.9298656658240447,-1.00493014869011
0.136378792930977,-1.504039619275158,-1.0048024474563657
0.1365455151717239,-1.0782135727263416,-1.0046747462226209
0.1367122374124708,-0.627698703763625,-1.0045305909907534
0.1368789596532177,-0.1695434647285791,-1.0043679094798728
0.1370456818939646,-0.0003839643764155,-1.0041814065662569
0.1372124041347115,-7.748302020858586e-08,-1.003982
0.1373791263754585,1.2296419614081581e-08,-1.0037677286550095
0.1375458486162054,1.2057512089116662e-08,-1.003541961660323
0.1377125708569523,1.1885967753907191e-08,-1.003305103169211
0.1378792930976992,1.1781062576699272e-08,-1.003056261994803
0.1380460153384461,1.1738032061089033e-08,-1.00279716581372
0.138212737579193,1.1753813633662976e-08,-1.0025253788555848
0.1383794598199399,1.1774814866641986e-08,-1.0022472703846932
0.1385461820606869,1.1810646913981613e-08,-1.0019569249105398
0.1387129043014338,1.1847906314123524e-08,-1.0016624666248288
0.1388796265421807,1.1888321670940596e-08,-1.0013589146833173
0.1390463487829276,1.192873702775766e-08,-1.0010553627418055
0.1392130710236745,1.1966166756275062e-08,-1.0007462296105336
0.1393797932644214,1.2001288010026311e-08,-1.000432781127706
0.1395465155051684,1.2036409263777562e-08,-1.0001193326448783
0.1397132377459153,1.2066390245896898e-08,-0.9998022669761572
0.1398799599866622,1.2088292306626882e-08,-0.9895304575534932
0.1400466822274091,1.210361969534754e-08,0.3528042519911659
0.140213404468156,1.2113620266386435e-08,0.999661506835599
0.1403801267089029,1.211848767960858e-08,0.9999825776703214
0.1405468489496499,1.2119432741020422e-08,1.000301440713216
0.1407135711903968,1.2117666033204546e-08,1.0006170560710992
0.1408802934311437,1.2115572441468986e-08,1.000927382789349
0.1410470156718906,1.2120897109132115e-08,1.0012298202877892
0.1412137379126375,1.2128097000382482e-08,1.0015302635109853
0.1413804601533844,1.2163149652341636e-08,1.0018208875636931
0.1415471823941313,1.2219659155509356e-08,1.002103947250255
0.1417139046348783,1.2276168658677083e-08,1.0023870069368177
0.1418806268756252,1.2425665521879598e-08,1.0026574684760263
0.1420473491163721,1.2628348549555508e-08,1.0029207242279436
0.142214071357119,1.2831031577231385e-08,1.0031839799798608
0.1423807935978659,1.4101822530407845e-08,1.003433496585286
0.1425475158386128,3.2683376339155026e-08,1.0036692329382015
0.1427142380793598,2.7292980693292737e-05,1.0038896357474263
0.1428809603201067,0.0790013135780994,1.004095348072783
0.1430476825608536,0.5721984179770232,1.0042876187814338
0.1432144048016005,1.1198687169955672,1.0044616969572169
0.1433811270423474,1.6141224453228016,1.0046175846710343
0.1435478492830943,2.072945720136882,1.004763004909764
0.1437145715238412,2.417495515265258,1.0048774665959357
0.1438812937645882,2.75798046624895,1.00499082704942
0.1440480160053351,3.093423058313577,1.0051028000772435
0.144214738246082,3.2974056338387703,1.0051786013443325
0.1443814604868289,3.501388209363929,1.0052544026114214
0.1445481827275758,3.689385344119504,1.0053256485171231
0.1447149049683227,3.745667455312185,1.0053593596722286
0.1448816272090697,3.768652540798591,1.00538310124915
0.1450483494498166,3.685855825039125,1.0053751703293374
0.1452150716905635,3.603059109279646,1.005367239409525
0.1453817939313104,3.411057403222673,1.005324550108394
0.1455485161720573,3.1988286184759573,1.0052754228183751
0.1457152384128042,2.969082924444588,1.005220185610073
0.1458819606535511,2.628498270893431,1.0051262876440847
0.1460486828942981,2.287913617342217,1.005032389678096
0.146215405135045,1.927900943635659,1.0049306174577215
0.1463821273757919,1.4938046715449236,1.0047988188581884
0.1465488496165388,1.0597083994542604,1.0046670202586552
0.1467155718572857,0.6164272345746002,1.004527737252846
0.1468822940980326,0.1611927513424727,1.0043639939866078
0.1470490163387796,0.0003126799641704,1.004178313805726
0.1472157385795265,6.11809466133841e-08,1.00397772094274
0.1473824608202734,-1.2063008059097561e-08,1.0037631010152128
0.1475491830610203,-1.208389643600257e-08,1.0035374396032055
0.1477159053017672,-1.2030340983243664e-08,1.0032999875245214
0.1478826275425141,-1.189580870702308e-08,1.0030507965267954
0.1480493497832611,-1.1749681168719969e-08,1.0027899564413718
0.148216072024008,-1.1753297341675058e-08,1.0025192349445764
0.1483827942647549,-1.1776374997675053e-08,1.0022398628998783
0.1485495165055018,-1.1811041077375362e-08,1.0019497183699544
0.1487162387462487,-1.1848867465719253e-08,1.0016566360480532
0.1488829609869956,-1.1887879881527631e-08,1.0013539719629023
0.1490496832277425,-1.1927381902201185e-08,1.001047352423056
0.1492164054684895,-1.1966883922874748e-08,1.0007407328832092
0.1493831277092364,-1.2000360572977214e-08,1.0003914702130074
0.1495498499499833,-1.20321288157248e-08,1.0000301166951682
0.1497165721907302,-1.2063897058472378e-08,0.9996687631773288
0.1498832944314771,-1.2087811112062176e-08,0.8926453384650138
0.150050016672224,-1.2103304734295392e-08,-0.3940810310795896
0.150216738912971,-1.2113119963712653e-08,-0.99966796964248
0.1503834611537179,-1.2118109774243224e-08,-0.9999892268269472
0.1505501833944648,-1.2119132448787333e-08,-1.0003082748909125
0.1507169056352117,-1.2116771693094629e-08,-1.0006229960740425
0.1508836278759586,-1.2113953311251789e-08,-1.000936087601534
0.1510503501167055,-1.2114276620234676e-08,-1.0012418128554514
0.1512170723574524,-1.2115618556496006e-08,-1.0015456983081672
0.1513837945981994,-1.2131338797085858e-08,-1.0018393731323731
0.1515505168389463,-1.2176028918376842e-08,-1.002123732964315
0.1517172390796932,-1.223202798656683e-08,-1.0024047175973003
0.1518839613204401,-1.2377734105738846e-08,-1.0026713531195033
0.152050683561187,-1.2523440224910884e-08,-1.0029379886417062
0.1522174058019339,-1.2754860803811092e-08,-1.00319734524483
0.1523841280426809,-1.3171460513121596e-08,-1.003443140584933
0.1525508502834278,-1.6838987434831658e-08,-1.0036756386356334
0.1527175725241747,-3.299956247345913e-05,-1.0038941425679702
0.1528842947649216,-0.0868158436286844,-1.0040990222244182
0.1530510170056685,-0.5822220055247598,-1.004290503036993
0.1532177392464154,-1.127516242623778,-1.0044650798545829
0.1533844614871623,-1.6371223070958765,-1.004625151811604
0.1535511837279093,-2.059979050963386,-1.0047608225899731
0.1537179059686562,-2.4737346975475565,-1.004894000436595
0.1538846282094031,-2.7665266521991327,-1.0049940444512666
0.15405135045015,-3.0593186068506606,-1.005094088465938
0.1542180726908969,-3.3314358517460345,-1.0051883926676657
0.1543847949316438,-3.4778712662175137,-1.0052478044716004
0.1545515171723908,-3.624306680689017,-1.005307216275535
0.1547182394131377,-3.740177622732126,-1.0053578745856022
0.1548849616538846,-3.7428152057408752,-1.0053761034952853
0.1550516838946315,-3.73546780943687,-1.005391274206372
0.1552184061353784,-3.601498812293227,-1.005367663264556
0.1553851283761253,-3.451796186347908,-1.0053389007703784
0.1555518506168723,-3.1918005718097056,-1.005274025812059
0.1557185728576192,-2.9318049572715466,-1.0052091508537395
0.1558852950983661,-2.649126014529635,-1.0051357708360429
0.156052017339113,-2.273477470348208,-1.005027532089794
0.1562187395798599,-1.897828926166844,-1.0049192933435454
0.1563854618206068,-1.5020830958121638,-1.0048012843825038
0.1565521840613537,-1.0512825462956932,-1.0046565107913068
0.1567189063021007,-0.6004819967791477,-1.0045117372001098
0.1568856285428476,-0.1611068077608187,-1.004359124050847
0.1570523507835945,-0.0002792797642733,-1.0041738487509246
0.1572190730243414,-4.823459377391969e-08,-1.003973619867775
0.1573857952650883,1.2227172137406768e-08,-1.003758743856462
0.1575525175058352,1.2042759525112598e-08,-1.0035332576681086
0.1577192397465822,1.1905571299407957e-08,-1.0032954031504
0.1578859619873291,1.1806571123797242e-08,-1.0030471390626765
0.158052684228076,1.1753250107092632e-08,-1.002787353804354
0.1582194064688229,1.175135524413813e-08,-1.0025157414853738
0.1583861287095698,1.1770644021878114e-08,-1.002240366332694
0.1585528509503167,1.1808762585798246e-08,-1.0019500195846442
0.1587195731910636,1.184739869413936e-08,-1.0016592613361357
0.1588862954318106,1.1889567541967929e-08,-1.0013572203281371
0.1590530176725575,1.1932255664734744e-08,-1.0010535208751117
0.1592197399133044,1.1971460637317565e-08,-1.00074224781834
0.1593864621540513,1.2006201216466888e-08,-1.0004265987500207
0.1595531843947982,1.2037978688964557e-08,-1.0000834865301125
0.1597199066355451,1.2064577890462229e-08,-0.9996591518673928
0.1598866288762921,1.208780754353592e-08,-0.9093398966271684
0.160053351117039,1.2103052195200456e-08,0.4296716538299929
0.1602200733577859,1.2112799946405438e-08,0.9996743851155232
0.1603867955985328,1.2117685126793545e-08,0.9999956211099468
0.1605535178392797,1.2118012436947525e-08,1.000314311033467
0.1607202400800266,1.2116467597092542e-08,1.0006305413892846
0.1608869623207735,1.211378425920942e-08,1.0009412436704883
0.1610536845615205,1.2112921361847296e-08,1.0012496876419603
0.1612204068022674,1.2119833509428989e-08,1.001548486442685
0.1613871290430143,1.2130668862418369e-08,1.00184556450187
0.1615538512837612,1.2168199832460831e-08,1.0021309337025075
0.1617205735245081,1.2263054429177418e-08,1.0024061554139363
0.161887295765255,1.2395525166472992e-08,1.002674718276253
0.162054018006002,1.4075282561115604e-08,1.0029347527719064
0.1622207402467489,1.7524643121302065e-08,1.00318503353216
0.1623874624874958,2.09740036814891e-08,1.0034353142924133
0.1625541847282427,1.92493034070471e-07,1.0036762754407358
0.1627209069689896,4.090183778535122e-05,1.0038977540223268
0.1628876292097365,0.092948252569392,1.0041034840392975
0.1630543514504835,0.5912636873756578,1.0042941002276615
0.1632210736912304,1.138557859271864,1.004468573049616
0.1633877959319773,1.6292707208164838,1.004623789821385
0.1635545181727242,2.079297119775224,1.0047668417034414
0.1637212404134711,2.425973929299285,1.0048815254161003
0.163887962654218,2.772650738823404,1.0049962091287594
0.1640546848949649,3.0913153111976905,1.0051032901479962
0.1642214071357119,3.303535640640857,1.0051814815451283
0.1643881293764588,3.515755970083988,1.005259672942261
0.1645548516172057,3.686497098394093,1.005326027734894
0.1647215738579526,3.7503792306383072,1.0053618889876543
0.1648882960986995,3.749004403706316,1.0053783983013462
0.1650550183394464,3.673175328859114,1.0053728282217105
0.1652217405801934,3.597346254011898,1.0053672581420747
0.1653884628209403,3.39742670547085,1.005322243135674
0.1655551850616872,3.191476782519933,1.0052753112401691
0.1657219073024341,2.947727897906598,1.0052152442478983
0.165888629543181,2.6115363033751136,1.005123053517655
0.1660553517839279,2.2753447088435736,1.0050308627874116
0.1662220740246748,1.904870980133329,1.0049248471327343
0.1663887962654218,1.4738492006067818,1.0047944143217973
0.1665555185061687,1.0428274210803066,1.0046639815108604
